0 0
0 3
0 6
0 9
0 12
0 15
0 18
0 21
0 24
0 27
6 0
6 3
6 6
6 9
6 12
6 15
6 18
6 21
6 24
6 27
12 0
12 3
12 6
12 9
12 12
12 15
12 18
12 21
12 24
12 27
18 0
18 3
18 6
18 9
18 12
18 15
18 18
18 21
18 24
18 27
24 0
24 3
24 6
24 9
24 12
24 15
24 18
24 21
24 24
24 27
30 0
30 3
30 6
30 9
30 12
30 15
30 18
30 21
30 24
30 27
36 0
36 3
36 6
36 9
36 12
36 15
36 18
36 21
36 24
36 27
42 0
42 3
42 6
42 9
42 12
42 15
42 18
42 21
42 24
42 27
48 0
48 3
48 6
48 9
48 12
48 15
48 18
48 21
48 24
48 27
54 0
54 3
54 6
54 9
54 12
54 15
54 18
54 21
54 24
54 27
