2 0
0 4
2 8
0 12
2 16
0 20
2 24
0 28
2 32
0 36
6 0
4 4
6 8
4 12
6 16
4 20
6 24
4 28
6 32
4 36
10 0
8 4
10 8
8 12
10 16
8 20
10 24
8 28
10 32
8 36
14 0
12 4
14 8
12 12
14 16
12 20
14 24
12 28
14 32
12 36
18 0
16 4
18 8
16 12
18 16
16 20
18 24
16 28
18 32
16 36
22 0
20 4
22 8
20 12
22 16
20 20
22 24
20 28
22 32
20 36
26 0
24 4
26 8
24 12
26 16
24 20
26 24
24 28
26 32
24 36
30 0
28 4
30 8
28 12
30 16
28 20
30 24
28 28
30 32
28 36
34 0
32 4
34 8
32 12
34 16
32 20
34 24
32 28
34 32
32 36
38 0
36 4
38 8
36 12
38 16
36 20
38 24
36 28
38 32
36 36
