0 0
4 0
12 0
16 0
24 0
28 0
36 0
40 0
48 0
52 0
60 0
64 0
72 0
76 0
84 0
88 0
96 0
100 0
108 0
112 0
120 0
124 0
132 0
136 0
144 0
148 0
156 0
160 0
168 0
172 0
180 0
184 0
192 0
196 0
204 0
208 0
216 0
220 0
228 0
232 0
240 0
244 0
252 0
256 0
264 0
268 0
276 0
280 0
288 0
292 0
300 0
304 0
312 0
316 0
324 0
328 0
336 0
340 0
348 0
352 0
360 0
364 0
372 0
376 0
384 0
388 0
396 0
400 0
408 0
412 0
420 0
424 0
432 0
436 0
444 0
448 0
456 0
460 0
468 0
472 0
480 0
484 0
492 0
496 0
504 0
508 0
516 0
520 0
528 0
532 0
540 0
544 0
552 0
556 0
564 0
568 0
576 0
580 0
588 0
592 0
0 10
4 10
12 10
16 10
24 10
28 10
36 10
40 10
48 10
52 10
60 10
64 10
72 10
76 10
84 10
88 10
96 10
100 10
108 10
112 10
120 10
124 10
132 10
136 10
144 10
148 10
156 10
160 10
168 10
172 10
180 10
184 10
192 10
196 10
204 10
208 10
216 10
220 10
228 10
232 10
240 10
244 10
252 10
256 10
264 10
268 10
276 10
280 10
288 10
292 10
300 10
304 10
312 10
316 10
324 10
328 10
336 10
340 10
348 10
352 10
360 10
364 10
372 10
376 10
384 10
388 10
396 10
400 10
408 10
412 10
420 10
424 10
432 10
436 10
444 10
448 10
456 10
460 10
468 10
472 10
480 10
484 10
492 10
496 10
504 10
508 10
516 10
520 10
528 10
532 10
540 10
544 10
552 10
556 10
564 10
568 10
576 10
580 10
588 10
592 10
0 20
4 20
12 20
16 20
24 20
28 20
36 20
40 20
48 20
52 20
60 20
64 20
72 20
76 20
84 20
88 20
96 20
100 20
108 20
112 20
120 20
124 20
132 20
136 20
144 20
148 20
156 20
160 20
168 20
172 20
180 20
184 20
192 20
196 20
204 20
208 20
216 20
220 20
228 20
232 20
240 20
244 20
252 20
256 20
264 20
268 20
276 20
280 20
288 20
292 20
300 20
304 20
312 20
316 20
324 20
328 20
336 20
340 20
348 20
352 20
360 20
364 20
372 20
376 20
384 20
388 20
396 20
400 20
408 20
412 20
420 20
424 20
432 20
436 20
444 20
448 20
456 20
460 20
468 20
472 20
480 20
484 20
492 20
496 20
504 20
508 20
516 20
520 20
528 20
532 20
540 20
544 20
552 20
556 20
564 20
568 20
576 20
580 20
588 20
592 20
0 30
4 30
12 30
16 30
24 30
28 30
36 30
40 30
48 30
52 30
60 30
64 30
72 30
76 30
84 30
88 30
96 30
100 30
108 30
112 30
120 30
124 30
132 30
136 30
144 30
148 30
156 30
160 30
168 30
172 30
180 30
184 30
192 30
196 30
204 30
208 30
216 30
220 30
228 30
232 30
240 30
244 30
252 30
256 30
264 30
268 30
276 30
280 30
288 30
292 30
300 30
304 30
312 30
316 30
324 30
328 30
336 30
340 30
348 30
352 30
360 30
364 30
372 30
376 30
384 30
388 30
396 30
400 30
408 30
412 30
420 30
424 30
432 30
436 30
444 30
448 30
456 30
460 30
468 30
472 30
480 30
484 30
492 30
496 30
504 30
508 30
516 30
520 30
528 30
532 30
540 30
544 30
552 30
556 30
564 30
568 30
576 30
580 30
588 30
592 30
0 40
4 40
12 40
16 40
24 40
28 40
36 40
40 40
48 40
52 40
60 40
64 40
72 40
76 40
84 40
88 40
96 40
100 40
108 40
112 40
120 40
124 40
132 40
136 40
144 40
148 40
156 40
160 40
168 40
172 40
180 40
184 40
192 40
196 40
204 40
208 40
216 40
220 40
228 40
232 40
240 40
244 40
252 40
256 40
264 40
268 40
276 40
280 40
288 40
292 40
300 40
304 40
312 40
316 40
324 40
328 40
336 40
340 40
348 40
352 40
360 40
364 40
372 40
376 40
384 40
388 40
396 40
400 40
408 40
412 40
420 40
424 40
432 40
436 40
444 40
448 40
456 40
460 40
468 40
472 40
480 40
484 40
492 40
496 40
504 40
508 40
516 40
520 40
528 40
532 40
540 40
544 40
552 40
556 40
564 40
568 40
576 40
580 40
588 40
592 40
0 50
4 50
12 50
16 50
24 50
28 50
36 50
40 50
48 50
52 50
60 50
64 50
72 50
76 50
84 50
88 50
96 50
100 50
108 50
112 50
120 50
124 50
132 50
136 50
144 50
148 50
156 50
160 50
168 50
172 50
180 50
184 50
192 50
196 50
204 50
208 50
216 50
220 50
228 50
232 50
240 50
244 50
252 50
256 50
264 50
268 50
276 50
280 50
288 50
292 50
300 50
304 50
312 50
316 50
324 50
328 50
336 50
340 50
348 50
352 50
360 50
364 50
372 50
376 50
384 50
388 50
396 50
400 50
408 50
412 50
420 50
424 50
432 50
436 50
444 50
448 50
456 50
460 50
468 50
472 50
480 50
484 50
492 50
496 50
504 50
508 50
516 50
520 50
528 50
532 50
540 50
544 50
552 50
556 50
564 50
568 50
576 50
580 50
588 50
592 50
0 60
4 60
12 60
16 60
24 60
28 60
36 60
40 60
48 60
52 60
60 60
64 60
72 60
76 60
84 60
88 60
96 60
100 60
108 60
112 60
120 60
124 60
132 60
136 60
144 60
148 60
156 60
160 60
168 60
172 60
180 60
184 60
192 60
196 60
204 60
208 60
216 60
220 60
228 60
232 60
240 60
244 60
252 60
256 60
264 60
268 60
276 60
280 60
288 60
292 60
300 60
304 60
312 60
316 60
324 60
328 60
336 60
340 60
348 60
352 60
360 60
364 60
372 60
376 60
384 60
388 60
396 60
400 60
408 60
412 60
420 60
424 60
432 60
436 60
444 60
448 60
456 60
460 60
468 60
472 60
480 60
484 60
492 60
496 60
504 60
508 60
516 60
520 60
528 60
532 60
540 60
544 60
552 60
556 60
564 60
568 60
576 60
580 60
588 60
592 60
0 70
4 70
12 70
16 70
24 70
28 70
36 70
40 70
48 70
52 70
60 70
64 70
72 70
76 70
84 70
88 70
96 70
100 70
108 70
112 70
120 70
124 70
132 70
136 70
144 70
148 70
156 70
160 70
168 70
172 70
180 70
184 70
192 70
196 70
204 70
208 70
216 70
220 70
228 70
232 70
240 70
244 70
252 70
256 70
264 70
268 70
276 70
280 70
288 70
292 70
300 70
304 70
312 70
316 70
324 70
328 70
336 70
340 70
348 70
352 70
360 70
364 70
372 70
376 70
384 70
388 70
396 70
400 70
408 70
412 70
420 70
424 70
432 70
436 70
444 70
448 70
456 70
460 70
468 70
472 70
480 70
484 70
492 70
496 70
504 70
508 70
516 70
520 70
528 70
532 70
540 70
544 70
552 70
556 70
564 70
568 70
576 70
580 70
588 70
592 70
0 80
4 80
12 80
16 80
24 80
28 80
36 80
40 80
48 80
52 80
60 80
64 80
72 80
76 80
84 80
88 80
96 80
100 80
108 80
112 80
120 80
124 80
132 80
136 80
144 80
148 80
156 80
160 80
168 80
172 80
180 80
184 80
192 80
196 80
204 80
208 80
216 80
220 80
228 80
232 80
240 80
244 80
252 80
256 80
264 80
268 80
276 80
280 80
288 80
292 80
300 80
304 80
312 80
316 80
324 80
328 80
336 80
340 80
348 80
352 80
360 80
364 80
372 80
376 80
384 80
388 80
396 80
400 80
408 80
412 80
420 80
424 80
432 80
436 80
444 80
448 80
456 80
460 80
468 80
472 80
480 80
484 80
492 80
496 80
504 80
508 80
516 80
520 80
528 80
532 80
540 80
544 80
552 80
556 80
564 80
568 80
576 80
580 80
588 80
592 80
0 90
4 90
12 90
16 90
24 90
28 90
36 90
40 90
48 90
52 90
60 90
64 90
72 90
76 90
84 90
88 90
96 90
100 90
108 90
112 90
120 90
124 90
132 90
136 90
144 90
148 90
156 90
160 90
168 90
172 90
180 90
184 90
192 90
196 90
204 90
208 90
216 90
220 90
228 90
232 90
240 90
244 90
252 90
256 90
264 90
268 90
276 90
280 90
288 90
292 90
300 90
304 90
312 90
316 90
324 90
328 90
336 90
340 90
348 90
352 90
360 90
364 90
372 90
376 90
384 90
388 90
396 90
400 90
408 90
412 90
420 90
424 90
432 90
436 90
444 90
448 90
456 90
460 90
468 90
472 90
480 90
484 90
492 90
496 90
504 90
508 90
516 90
520 90
528 90
532 90
540 90
544 90
552 90
556 90
564 90
568 90
576 90
580 90
588 90
592 90
0 100
4 100
12 100
16 100
24 100
28 100
36 100
40 100
48 100
52 100
60 100
64 100
72 100
76 100
84 100
88 100
96 100
100 100
108 100
112 100
120 100
124 100
132 100
136 100
144 100
148 100
156 100
160 100
168 100
172 100
180 100
184 100
192 100
196 100
204 100
208 100
216 100
220 100
228 100
232 100
240 100
244 100
252 100
256 100
264 100
268 100
276 100
280 100
288 100
292 100
300 100
304 100
312 100
316 100
324 100
328 100
336 100
340 100
348 100
352 100
360 100
364 100
372 100
376 100
384 100
388 100
396 100
400 100
408 100
412 100
420 100
424 100
432 100
436 100
444 100
448 100
456 100
460 100
468 100
472 100
480 100
484 100
492 100
496 100
504 100
508 100
516 100
520 100
528 100
532 100
540 100
544 100
552 100
556 100
564 100
568 100
576 100
580 100
588 100
592 100
0 110
4 110
12 110
16 110
24 110
28 110
36 110
40 110
48 110
52 110
60 110
64 110
72 110
76 110
84 110
88 110
96 110
100 110
108 110
112 110
120 110
124 110
132 110
136 110
144 110
148 110
156 110
160 110
168 110
172 110
180 110
184 110
192 110
196 110
204 110
208 110
216 110
220 110
228 110
232 110
240 110
244 110
252 110
256 110
264 110
268 110
276 110
280 110
288 110
292 110
300 110
304 110
312 110
316 110
324 110
328 110
336 110
340 110
348 110
352 110
360 110
364 110
372 110
376 110
384 110
388 110
396 110
400 110
408 110
412 110
420 110
424 110
432 110
436 110
444 110
448 110
456 110
460 110
468 110
472 110
480 110
484 110
492 110
496 110
504 110
508 110
516 110
520 110
528 110
532 110
540 110
544 110
552 110
556 110
564 110
568 110
576 110
580 110
588 110
592 110
0 120
4 120
12 120
16 120
24 120
28 120
36 120
40 120
48 120
52 120
60 120
64 120
72 120
76 120
84 120
88 120
96 120
100 120
108 120
112 120
120 120
124 120
132 120
136 120
144 120
148 120
156 120
160 120
168 120
172 120
180 120
184 120
192 120
196 120
204 120
208 120
216 120
220 120
228 120
232 120
240 120
244 120
252 120
256 120
264 120
268 120
276 120
280 120
288 120
292 120
300 120
304 120
312 120
316 120
324 120
328 120
336 120
340 120
348 120
352 120
360 120
364 120
372 120
376 120
384 120
388 120
396 120
400 120
408 120
412 120
420 120
424 120
432 120
436 120
444 120
448 120
456 120
460 120
468 120
472 120
480 120
484 120
492 120
496 120
504 120
508 120
516 120
520 120
528 120
532 120
540 120
544 120
552 120
556 120
564 120
568 120
576 120
580 120
588 120
592 120
0 130
4 130
12 130
16 130
24 130
28 130
36 130
40 130
48 130
52 130
60 130
64 130
72 130
76 130
84 130
88 130
96 130
100 130
108 130
112 130
120 130
124 130
132 130
136 130
144 130
148 130
156 130
160 130
168 130
172 130
180 130
184 130
192 130
196 130
204 130
208 130
216 130
220 130
228 130
232 130
240 130
244 130
252 130
256 130
264 130
268 130
276 130
280 130
288 130
292 130
300 130
304 130
312 130
316 130
324 130
328 130
336 130
340 130
348 130
352 130
360 130
364 130
372 130
376 130
384 130
388 130
396 130
400 130
408 130
412 130
420 130
424 130
432 130
436 130
444 130
448 130
456 130
460 130
468 130
472 130
480 130
484 130
492 130
496 130
504 130
508 130
516 130
520 130
528 130
532 130
540 130
544 130
552 130
556 130
564 130
568 130
576 130
580 130
588 130
592 130
0 140
4 140
12 140
16 140
24 140
28 140
36 140
40 140
48 140
52 140
60 140
64 140
72 140
76 140
84 140
88 140
96 140
100 140
108 140
112 140
120 140
124 140
132 140
136 140
144 140
148 140
156 140
160 140
168 140
172 140
180 140
184 140
192 140
196 140
204 140
208 140
216 140
220 140
228 140
232 140
240 140
244 140
252 140
256 140
264 140
268 140
276 140
280 140
288 140
292 140
300 140
304 140
312 140
316 140
324 140
328 140
336 140
340 140
348 140
352 140
360 140
364 140
372 140
376 140
384 140
388 140
396 140
400 140
408 140
412 140
420 140
424 140
432 140
436 140
444 140
448 140
456 140
460 140
468 140
472 140
480 140
484 140
492 140
496 140
504 140
508 140
516 140
520 140
528 140
532 140
540 140
544 140
552 140
556 140
564 140
568 140
576 140
580 140
588 140
592 140
0 150
4 150
12 150
16 150
24 150
28 150
36 150
40 150
48 150
52 150
60 150
64 150
72 150
76 150
84 150
88 150
96 150
100 150
108 150
112 150
120 150
124 150
132 150
136 150
144 150
148 150
156 150
160 150
168 150
172 150
180 150
184 150
192 150
196 150
204 150
208 150
216 150
220 150
228 150
232 150
240 150
244 150
252 150
256 150
264 150
268 150
276 150
280 150
288 150
292 150
300 150
304 150
312 150
316 150
324 150
328 150
336 150
340 150
348 150
352 150
360 150
364 150
372 150
376 150
384 150
388 150
396 150
400 150
408 150
412 150
420 150
424 150
432 150
436 150
444 150
448 150
456 150
460 150
468 150
472 150
480 150
484 150
492 150
496 150
504 150
508 150
516 150
520 150
528 150
532 150
540 150
544 150
552 150
556 150
564 150
568 150
576 150
580 150
588 150
592 150
0 160
4 160
12 160
16 160
24 160
28 160
36 160
40 160
48 160
52 160
60 160
64 160
72 160
76 160
84 160
88 160
96 160
100 160
108 160
112 160
120 160
124 160
132 160
136 160
144 160
148 160
156 160
160 160
168 160
172 160
180 160
184 160
192 160
196 160
204 160
208 160
216 160
220 160
228 160
232 160
240 160
244 160
252 160
256 160
264 160
268 160
276 160
280 160
288 160
292 160
300 160
304 160
312 160
316 160
324 160
328 160
336 160
340 160
348 160
352 160
360 160
364 160
372 160
376 160
384 160
388 160
396 160
400 160
408 160
412 160
420 160
424 160
432 160
436 160
444 160
448 160
456 160
460 160
468 160
472 160
480 160
484 160
492 160
496 160
504 160
508 160
516 160
520 160
528 160
532 160
540 160
544 160
552 160
556 160
564 160
568 160
576 160
580 160
588 160
592 160
0 170
4 170
12 170
16 170
24 170
28 170
36 170
40 170
48 170
52 170
60 170
64 170
72 170
76 170
84 170
88 170
96 170
100 170
108 170
112 170
120 170
124 170
132 170
136 170
144 170
148 170
156 170
160 170
168 170
172 170
180 170
184 170
192 170
196 170
204 170
208 170
216 170
220 170
228 170
232 170
240 170
244 170
252 170
256 170
264 170
268 170
276 170
280 170
288 170
292 170
300 170
304 170
312 170
316 170
324 170
328 170
336 170
340 170
348 170
352 170
360 170
364 170
372 170
376 170
384 170
388 170
396 170
400 170
408 170
412 170
420 170
424 170
432 170
436 170
444 170
448 170
456 170
460 170
468 170
472 170
480 170
484 170
492 170
496 170
504 170
508 170
516 170
520 170
528 170
532 170
540 170
544 170
552 170
556 170
564 170
568 170
576 170
580 170
588 170
592 170
0 180
4 180
12 180
16 180
24 180
28 180
36 180
40 180
48 180
52 180
60 180
64 180
72 180
76 180
84 180
88 180
96 180
100 180
108 180
112 180
120 180
124 180
132 180
136 180
144 180
148 180
156 180
160 180
168 180
172 180
180 180
184 180
192 180
196 180
204 180
208 180
216 180
220 180
228 180
232 180
240 180
244 180
252 180
256 180
264 180
268 180
276 180
280 180
288 180
292 180
300 180
304 180
312 180
316 180
324 180
328 180
336 180
340 180
348 180
352 180
360 180
364 180
372 180
376 180
384 180
388 180
396 180
400 180
408 180
412 180
420 180
424 180
432 180
436 180
444 180
448 180
456 180
460 180
468 180
472 180
480 180
484 180
492 180
496 180
504 180
508 180
516 180
520 180
528 180
532 180
540 180
544 180
552 180
556 180
564 180
568 180
576 180
580 180
588 180
592 180
0 190
4 190
12 190
16 190
24 190
28 190
36 190
40 190
48 190
52 190
60 190
64 190
72 190
76 190
84 190
88 190
96 190
100 190
108 190
112 190
120 190
124 190
132 190
136 190
144 190
148 190
156 190
160 190
168 190
172 190
180 190
184 190
192 190
196 190
204 190
208 190
216 190
220 190
228 190
232 190
240 190
244 190
252 190
256 190
264 190
268 190
276 190
280 190
288 190
292 190
300 190
304 190
312 190
316 190
324 190
328 190
336 190
340 190
348 190
352 190
360 190
364 190
372 190
376 190
384 190
388 190
396 190
400 190
408 190
412 190
420 190
424 190
432 190
436 190
444 190
448 190
456 190
460 190
468 190
472 190
480 190
484 190
492 190
496 190
504 190
508 190
516 190
520 190
528 190
532 190
540 190
544 190
552 190
556 190
564 190
568 190
576 190
580 190
588 190
592 190
0 200
4 200
12 200
16 200
24 200
28 200
36 200
40 200
48 200
52 200
60 200
64 200
72 200
76 200
84 200
88 200
96 200
100 200
108 200
112 200
120 200
124 200
132 200
136 200
144 200
148 200
156 200
160 200
168 200
172 200
180 200
184 200
192 200
196 200
204 200
208 200
216 200
220 200
228 200
232 200
240 200
244 200
252 200
256 200
264 200
268 200
276 200
280 200
288 200
292 200
300 200
304 200
312 200
316 200
324 200
328 200
336 200
340 200
348 200
352 200
360 200
364 200
372 200
376 200
384 200
388 200
396 200
400 200
408 200
412 200
420 200
424 200
432 200
436 200
444 200
448 200
456 200
460 200
468 200
472 200
480 200
484 200
492 200
496 200
504 200
508 200
516 200
520 200
528 200
532 200
540 200
544 200
552 200
556 200
564 200
568 200
576 200
580 200
588 200
592 200
0 210
4 210
12 210
16 210
24 210
28 210
36 210
40 210
48 210
52 210
60 210
64 210
72 210
76 210
84 210
88 210
96 210
100 210
108 210
112 210
120 210
124 210
132 210
136 210
144 210
148 210
156 210
160 210
168 210
172 210
180 210
184 210
192 210
196 210
204 210
208 210
216 210
220 210
228 210
232 210
240 210
244 210
252 210
256 210
264 210
268 210
276 210
280 210
288 210
292 210
300 210
304 210
312 210
316 210
324 210
328 210
336 210
340 210
348 210
352 210
360 210
364 210
372 210
376 210
384 210
388 210
396 210
400 210
408 210
412 210
420 210
424 210
432 210
436 210
444 210
448 210
456 210
460 210
468 210
472 210
480 210
484 210
492 210
496 210
504 210
508 210
516 210
520 210
528 210
532 210
540 210
544 210
552 210
556 210
564 210
568 210
576 210
580 210
588 210
592 210
0 220
4 220
12 220
16 220
24 220
28 220
36 220
40 220
48 220
52 220
60 220
64 220
72 220
76 220
84 220
88 220
96 220
100 220
108 220
112 220
120 220
124 220
132 220
136 220
144 220
148 220
156 220
160 220
168 220
172 220
180 220
184 220
192 220
196 220
204 220
208 220
216 220
220 220
228 220
232 220
240 220
244 220
252 220
256 220
264 220
268 220
276 220
280 220
288 220
292 220
300 220
304 220
312 220
316 220
324 220
328 220
336 220
340 220
348 220
352 220
360 220
364 220
372 220
376 220
384 220
388 220
396 220
400 220
408 220
412 220
420 220
424 220
432 220
436 220
444 220
448 220
456 220
460 220
468 220
472 220
480 220
484 220
492 220
496 220
504 220
508 220
516 220
520 220
528 220
532 220
540 220
544 220
552 220
556 220
564 220
568 220
576 220
580 220
588 220
592 220
0 230
4 230
12 230
16 230
24 230
28 230
36 230
40 230
48 230
52 230
60 230
64 230
72 230
76 230
84 230
88 230
96 230
100 230
108 230
112 230
120 230
124 230
132 230
136 230
144 230
148 230
156 230
160 230
168 230
172 230
180 230
184 230
192 230
196 230
204 230
208 230
216 230
220 230
228 230
232 230
240 230
244 230
252 230
256 230
264 230
268 230
276 230
280 230
288 230
292 230
300 230
304 230
312 230
316 230
324 230
328 230
336 230
340 230
348 230
352 230
360 230
364 230
372 230
376 230
384 230
388 230
396 230
400 230
408 230
412 230
420 230
424 230
432 230
436 230
444 230
448 230
456 230
460 230
468 230
472 230
480 230
484 230
492 230
496 230
504 230
508 230
516 230
520 230
528 230
532 230
540 230
544 230
552 230
556 230
564 230
568 230
576 230
580 230
588 230
592 230
0 240
4 240
12 240
16 240
24 240
28 240
36 240
40 240
48 240
52 240
60 240
64 240
72 240
76 240
84 240
88 240
96 240
100 240
108 240
112 240
120 240
124 240
132 240
136 240
144 240
148 240
156 240
160 240
168 240
172 240
180 240
184 240
192 240
196 240
204 240
208 240
216 240
220 240
228 240
232 240
240 240
244 240
252 240
256 240
264 240
268 240
276 240
280 240
288 240
292 240
300 240
304 240
312 240
316 240
324 240
328 240
336 240
340 240
348 240
352 240
360 240
364 240
372 240
376 240
384 240
388 240
396 240
400 240
408 240
412 240
420 240
424 240
432 240
436 240
444 240
448 240
456 240
460 240
468 240
472 240
480 240
484 240
492 240
496 240
504 240
508 240
516 240
520 240
528 240
532 240
540 240
544 240
552 240
556 240
564 240
568 240
576 240
580 240
588 240
592 240
0 250
4 250
12 250
16 250
24 250
28 250
36 250
40 250
48 250
52 250
60 250
64 250
72 250
76 250
84 250
88 250
96 250
100 250
108 250
112 250
120 250
124 250
132 250
136 250
144 250
148 250
156 250
160 250
168 250
172 250
180 250
184 250
192 250
196 250
204 250
208 250
216 250
220 250
228 250
232 250
240 250
244 250
252 250
256 250
264 250
268 250
276 250
280 250
288 250
292 250
300 250
304 250
312 250
316 250
324 250
328 250
336 250
340 250
348 250
352 250
360 250
364 250
372 250
376 250
384 250
388 250
396 250
400 250
408 250
412 250
420 250
424 250
432 250
436 250
444 250
448 250
456 250
460 250
468 250
472 250
480 250
484 250
492 250
496 250
504 250
508 250
516 250
520 250
528 250
532 250
540 250
544 250
552 250
556 250
564 250
568 250
576 250
580 250
588 250
592 250
0 260
4 260
12 260
16 260
24 260
28 260
36 260
40 260
48 260
52 260
60 260
64 260
72 260
76 260
84 260
88 260
96 260
100 260
108 260
112 260
120 260
124 260
132 260
136 260
144 260
148 260
156 260
160 260
168 260
172 260
180 260
184 260
192 260
196 260
204 260
208 260
216 260
220 260
228 260
232 260
240 260
244 260
252 260
256 260
264 260
268 260
276 260
280 260
288 260
292 260
300 260
304 260
312 260
316 260
324 260
328 260
336 260
340 260
348 260
352 260
360 260
364 260
372 260
376 260
384 260
388 260
396 260
400 260
408 260
412 260
420 260
424 260
432 260
436 260
444 260
448 260
456 260
460 260
468 260
472 260
480 260
484 260
492 260
496 260
504 260
508 260
516 260
520 260
528 260
532 260
540 260
544 260
552 260
556 260
564 260
568 260
576 260
580 260
588 260
592 260
0 270
4 270
12 270
16 270
24 270
28 270
36 270
40 270
48 270
52 270
60 270
64 270
72 270
76 270
84 270
88 270
96 270
100 270
108 270
112 270
120 270
124 270
132 270
136 270
144 270
148 270
156 270
160 270
168 270
172 270
180 270
184 270
192 270
196 270
204 270
208 270
216 270
220 270
228 270
232 270
240 270
244 270
252 270
256 270
264 270
268 270
276 270
280 270
288 270
292 270
300 270
304 270
312 270
316 270
324 270
328 270
336 270
340 270
348 270
352 270
360 270
364 270
372 270
376 270
384 270
388 270
396 270
400 270
408 270
412 270
420 270
424 270
432 270
436 270
444 270
448 270
456 270
460 270
468 270
472 270
480 270
484 270
492 270
496 270
504 270
508 270
516 270
520 270
528 270
532 270
540 270
544 270
552 270
556 270
564 270
568 270
576 270
580 270
588 270
592 270
0 280
4 280
12 280
16 280
24 280
28 280
36 280
40 280
48 280
52 280
60 280
64 280
72 280
76 280
84 280
88 280
96 280
100 280
108 280
112 280
120 280
124 280
132 280
136 280
144 280
148 280
156 280
160 280
168 280
172 280
180 280
184 280
192 280
196 280
204 280
208 280
216 280
220 280
228 280
232 280
240 280
244 280
252 280
256 280
264 280
268 280
276 280
280 280
288 280
292 280
300 280
304 280
312 280
316 280
324 280
328 280
336 280
340 280
348 280
352 280
360 280
364 280
372 280
376 280
384 280
388 280
396 280
400 280
408 280
412 280
420 280
424 280
432 280
436 280
444 280
448 280
456 280
460 280
468 280
472 280
480 280
484 280
492 280
496 280
504 280
508 280
516 280
520 280
528 280
532 280
540 280
544 280
552 280
556 280
564 280
568 280
576 280
580 280
588 280
592 280
0 290
4 290
12 290
16 290
24 290
28 290
36 290
40 290
48 290
52 290
60 290
64 290
72 290
76 290
84 290
88 290
96 290
100 290
108 290
112 290
120 290
124 290
132 290
136 290
144 290
148 290
156 290
160 290
168 290
172 290
180 290
184 290
192 290
196 290
204 290
208 290
216 290
220 290
228 290
232 290
240 290
244 290
252 290
256 290
264 290
268 290
276 290
280 290
288 290
292 290
300 290
304 290
312 290
316 290
324 290
328 290
336 290
340 290
348 290
352 290
360 290
364 290
372 290
376 290
384 290
388 290
396 290
400 290
408 290
412 290
420 290
424 290
432 290
436 290
444 290
448 290
456 290
460 290
468 290
472 290
480 290
484 290
492 290
496 290
504 290
508 290
516 290
520 290
528 290
532 290
540 290
544 290
552 290
556 290
564 290
568 290
576 290
580 290
588 290
592 290
0 300
4 300
12 300
16 300
24 300
28 300
36 300
40 300
48 300
52 300
60 300
64 300
72 300
76 300
84 300
88 300
96 300
100 300
108 300
112 300
120 300
124 300
132 300
136 300
144 300
148 300
156 300
160 300
168 300
172 300
180 300
184 300
192 300
196 300
204 300
208 300
216 300
220 300
228 300
232 300
240 300
244 300
252 300
256 300
264 300
268 300
276 300
280 300
288 300
292 300
300 300
304 300
312 300
316 300
324 300
328 300
336 300
340 300
348 300
352 300
360 300
364 300
372 300
376 300
384 300
388 300
396 300
400 300
408 300
412 300
420 300
424 300
432 300
436 300
444 300
448 300
456 300
460 300
468 300
472 300
480 300
484 300
492 300
496 300
504 300
508 300
516 300
520 300
528 300
532 300
540 300
544 300
552 300
556 300
564 300
568 300
576 300
580 300
588 300
592 300
0 310
4 310
12 310
16 310
24 310
28 310
36 310
40 310
48 310
52 310
60 310
64 310
72 310
76 310
84 310
88 310
96 310
100 310
108 310
112 310
120 310
124 310
132 310
136 310
144 310
148 310
156 310
160 310
168 310
172 310
180 310
184 310
192 310
196 310
204 310
208 310
216 310
220 310
228 310
232 310
240 310
244 310
252 310
256 310
264 310
268 310
276 310
280 310
288 310
292 310
300 310
304 310
312 310
316 310
324 310
328 310
336 310
340 310
348 310
352 310
360 310
364 310
372 310
376 310
384 310
388 310
396 310
400 310
408 310
412 310
420 310
424 310
432 310
436 310
444 310
448 310
456 310
460 310
468 310
472 310
480 310
484 310
492 310
496 310
504 310
508 310
516 310
520 310
528 310
532 310
540 310
544 310
552 310
556 310
564 310
568 310
576 310
580 310
588 310
592 310
0 320
4 320
12 320
16 320
24 320
28 320
36 320
40 320
48 320
52 320
60 320
64 320
72 320
76 320
84 320
88 320
96 320
100 320
108 320
112 320
120 320
124 320
132 320
136 320
144 320
148 320
156 320
160 320
168 320
172 320
180 320
184 320
192 320
196 320
204 320
208 320
216 320
220 320
228 320
232 320
240 320
244 320
252 320
256 320
264 320
268 320
276 320
280 320
288 320
292 320
300 320
304 320
312 320
316 320
324 320
328 320
336 320
340 320
348 320
352 320
360 320
364 320
372 320
376 320
384 320
388 320
396 320
400 320
408 320
412 320
420 320
424 320
432 320
436 320
444 320
448 320
456 320
460 320
468 320
472 320
480 320
484 320
492 320
496 320
504 320
508 320
516 320
520 320
528 320
532 320
540 320
544 320
552 320
556 320
564 320
568 320
576 320
580 320
588 320
592 320
0 330
4 330
12 330
16 330
24 330
28 330
36 330
40 330
48 330
52 330
60 330
64 330
72 330
76 330
84 330
88 330
96 330
100 330
108 330
112 330
120 330
124 330
132 330
136 330
144 330
148 330
156 330
160 330
168 330
172 330
180 330
184 330
192 330
196 330
204 330
208 330
216 330
220 330
228 330
232 330
240 330
244 330
252 330
256 330
264 330
268 330
276 330
280 330
288 330
292 330
300 330
304 330
312 330
316 330
324 330
328 330
336 330
340 330
348 330
352 330
360 330
364 330
372 330
376 330
384 330
388 330
396 330
400 330
408 330
412 330
420 330
424 330
432 330
436 330
444 330
448 330
456 330
460 330
468 330
472 330
480 330
484 330
492 330
496 330
504 330
508 330
516 330
520 330
528 330
532 330
540 330
544 330
552 330
556 330
564 330
568 330
576 330
580 330
588 330
592 330
0 340
4 340
12 340
16 340
24 340
28 340
36 340
40 340
48 340
52 340
60 340
64 340
72 340
76 340
84 340
88 340
96 340
100 340
108 340
112 340
120 340
124 340
132 340
136 340
144 340
148 340
156 340
160 340
168 340
172 340
180 340
184 340
192 340
196 340
204 340
208 340
216 340
220 340
228 340
232 340
240 340
244 340
252 340
256 340
264 340
268 340
276 340
280 340
288 340
292 340
300 340
304 340
312 340
316 340
324 340
328 340
336 340
340 340
348 340
352 340
360 340
364 340
372 340
376 340
384 340
388 340
396 340
400 340
408 340
412 340
420 340
424 340
432 340
436 340
444 340
448 340
456 340
460 340
468 340
472 340
480 340
484 340
492 340
496 340
504 340
508 340
516 340
520 340
528 340
532 340
540 340
544 340
552 340
556 340
564 340
568 340
576 340
580 340
588 340
592 340
0 350
4 350
12 350
16 350
24 350
28 350
36 350
40 350
48 350
52 350
60 350
64 350
72 350
76 350
84 350
88 350
96 350
100 350
108 350
112 350
120 350
124 350
132 350
136 350
144 350
148 350
156 350
160 350
168 350
172 350
180 350
184 350
192 350
196 350
204 350
208 350
216 350
220 350
228 350
232 350
240 350
244 350
252 350
256 350
264 350
268 350
276 350
280 350
288 350
292 350
300 350
304 350
312 350
316 350
324 350
328 350
336 350
340 350
348 350
352 350
360 350
364 350
372 350
376 350
384 350
388 350
396 350
400 350
408 350
412 350
420 350
424 350
432 350
436 350
444 350
448 350
456 350
460 350
468 350
472 350
480 350
484 350
492 350
496 350
504 350
508 350
516 350
520 350
528 350
532 350
540 350
544 350
552 350
556 350
564 350
568 350
576 350
580 350
588 350
592 350
0 360
4 360
12 360
16 360
24 360
28 360
36 360
40 360
48 360
52 360
60 360
64 360
72 360
76 360
84 360
88 360
96 360
100 360
108 360
112 360
120 360
124 360
132 360
136 360
144 360
148 360
156 360
160 360
168 360
172 360
180 360
184 360
192 360
196 360
204 360
208 360
216 360
220 360
228 360
232 360
240 360
244 360
252 360
256 360
264 360
268 360
276 360
280 360
288 360
292 360
300 360
304 360
312 360
316 360
324 360
328 360
336 360
340 360
348 360
352 360
360 360
364 360
372 360
376 360
384 360
388 360
396 360
400 360
408 360
412 360
420 360
424 360
432 360
436 360
444 360
448 360
456 360
460 360
468 360
472 360
480 360
484 360
492 360
496 360
504 360
508 360
516 360
520 360
528 360
532 360
540 360
544 360
552 360
556 360
564 360
568 360
576 360
580 360
588 360
592 360
0 370
4 370
12 370
16 370
24 370
28 370
36 370
40 370
48 370
52 370
60 370
64 370
72 370
76 370
84 370
88 370
96 370
100 370
108 370
112 370
120 370
124 370
132 370
136 370
144 370
148 370
156 370
160 370
168 370
172 370
180 370
184 370
192 370
196 370
204 370
208 370
216 370
220 370
228 370
232 370
240 370
244 370
252 370
256 370
264 370
268 370
276 370
280 370
288 370
292 370
300 370
304 370
312 370
316 370
324 370
328 370
336 370
340 370
348 370
352 370
360 370
364 370
372 370
376 370
384 370
388 370
396 370
400 370
408 370
412 370
420 370
424 370
432 370
436 370
444 370
448 370
456 370
460 370
468 370
472 370
480 370
484 370
492 370
496 370
504 370
508 370
516 370
520 370
528 370
532 370
540 370
544 370
552 370
556 370
564 370
568 370
576 370
580 370
588 370
592 370
0 380
4 380
12 380
16 380
24 380
28 380
36 380
40 380
48 380
52 380
60 380
64 380
72 380
76 380
84 380
88 380
96 380
100 380
108 380
112 380
120 380
124 380
132 380
136 380
144 380
148 380
156 380
160 380
168 380
172 380
180 380
184 380
192 380
196 380
204 380
208 380
216 380
220 380
228 380
232 380
240 380
244 380
252 380
256 380
264 380
268 380
276 380
280 380
288 380
292 380
300 380
304 380
312 380
316 380
324 380
328 380
336 380
340 380
348 380
352 380
360 380
364 380
372 380
376 380
384 380
388 380
396 380
400 380
408 380
412 380
420 380
424 380
432 380
436 380
444 380
448 380
456 380
460 380
468 380
472 380
480 380
484 380
492 380
496 380
504 380
508 380
516 380
520 380
528 380
532 380
540 380
544 380
552 380
556 380
564 380
568 380
576 380
580 380
588 380
592 380
0 390
4 390
12 390
16 390
24 390
28 390
36 390
40 390
48 390
52 390
60 390
64 390
72 390
76 390
84 390
88 390
96 390
100 390
108 390
112 390
120 390
124 390
132 390
136 390
144 390
148 390
156 390
160 390
168 390
172 390
180 390
184 390
192 390
196 390
204 390
208 390
216 390
220 390
228 390
232 390
240 390
244 390
252 390
256 390
264 390
268 390
276 390
280 390
288 390
292 390
300 390
304 390
312 390
316 390
324 390
328 390
336 390
340 390
348 390
352 390
360 390
364 390
372 390
376 390
384 390
388 390
396 390
400 390
408 390
412 390
420 390
424 390
432 390
436 390
444 390
448 390
456 390
460 390
468 390
472 390
480 390
484 390
492 390
496 390
504 390
508 390
516 390
520 390
528 390
532 390
540 390
544 390
552 390
556 390
564 390
568 390
576 390
580 390
588 390
592 390
0 400
4 400
12 400
16 400
24 400
28 400
36 400
40 400
48 400
52 400
60 400
64 400
72 400
76 400
84 400
88 400
96 400
100 400
108 400
112 400
120 400
124 400
132 400
136 400
144 400
148 400
156 400
160 400
168 400
172 400
180 400
184 400
192 400
196 400
204 400
208 400
216 400
220 400
228 400
232 400
240 400
244 400
252 400
256 400
264 400
268 400
276 400
280 400
288 400
292 400
300 400
304 400
312 400
316 400
324 400
328 400
336 400
340 400
348 400
352 400
360 400
364 400
372 400
376 400
384 400
388 400
396 400
400 400
408 400
412 400
420 400
424 400
432 400
436 400
444 400
448 400
456 400
460 400
468 400
472 400
480 400
484 400
492 400
496 400
504 400
508 400
516 400
520 400
528 400
532 400
540 400
544 400
552 400
556 400
564 400
568 400
576 400
580 400
588 400
592 400
0 410
4 410
12 410
16 410
24 410
28 410
36 410
40 410
48 410
52 410
60 410
64 410
72 410
76 410
84 410
88 410
96 410
100 410
108 410
112 410
120 410
124 410
132 410
136 410
144 410
148 410
156 410
160 410
168 410
172 410
180 410
184 410
192 410
196 410
204 410
208 410
216 410
220 410
228 410
232 410
240 410
244 410
252 410
256 410
264 410
268 410
276 410
280 410
288 410
292 410
300 410
304 410
312 410
316 410
324 410
328 410
336 410
340 410
348 410
352 410
360 410
364 410
372 410
376 410
384 410
388 410
396 410
400 410
408 410
412 410
420 410
424 410
432 410
436 410
444 410
448 410
456 410
460 410
468 410
472 410
480 410
484 410
492 410
496 410
504 410
508 410
516 410
520 410
528 410
532 410
540 410
544 410
552 410
556 410
564 410
568 410
576 410
580 410
588 410
592 410
0 420
4 420
12 420
16 420
24 420
28 420
36 420
40 420
48 420
52 420
60 420
64 420
72 420
76 420
84 420
88 420
96 420
100 420
108 420
112 420
120 420
124 420
132 420
136 420
144 420
148 420
156 420
160 420
168 420
172 420
180 420
184 420
192 420
196 420
204 420
208 420
216 420
220 420
228 420
232 420
240 420
244 420
252 420
256 420
264 420
268 420
276 420
280 420
288 420
292 420
300 420
304 420
312 420
316 420
324 420
328 420
336 420
340 420
348 420
352 420
360 420
364 420
372 420
376 420
384 420
388 420
396 420
400 420
408 420
412 420
420 420
424 420
432 420
436 420
444 420
448 420
456 420
460 420
468 420
472 420
480 420
484 420
492 420
496 420
504 420
508 420
516 420
520 420
528 420
532 420
540 420
544 420
552 420
556 420
564 420
568 420
576 420
580 420
588 420
592 420
0 430
4 430
12 430
16 430
24 430
28 430
36 430
40 430
48 430
52 430
60 430
64 430
72 430
76 430
84 430
88 430
96 430
100 430
108 430
112 430
120 430
124 430
132 430
136 430
144 430
148 430
156 430
160 430
168 430
172 430
180 430
184 430
192 430
196 430
204 430
208 430
216 430
220 430
228 430
232 430
240 430
244 430
252 430
256 430
264 430
268 430
276 430
280 430
288 430
292 430
300 430
304 430
312 430
316 430
324 430
328 430
336 430
340 430
348 430
352 430
360 430
364 430
372 430
376 430
384 430
388 430
396 430
400 430
408 430
412 430
420 430
424 430
432 430
436 430
444 430
448 430
456 430
460 430
468 430
472 430
480 430
484 430
492 430
496 430
504 430
508 430
516 430
520 430
528 430
532 430
540 430
544 430
552 430
556 430
564 430
568 430
576 430
580 430
588 430
592 430
0 440
4 440
12 440
16 440
24 440
28 440
36 440
40 440
48 440
52 440
60 440
64 440
72 440
76 440
84 440
88 440
96 440
100 440
108 440
112 440
120 440
124 440
132 440
136 440
144 440
148 440
156 440
160 440
168 440
172 440
180 440
184 440
192 440
196 440
204 440
208 440
216 440
220 440
228 440
232 440
240 440
244 440
252 440
256 440
264 440
268 440
276 440
280 440
288 440
292 440
300 440
304 440
312 440
316 440
324 440
328 440
336 440
340 440
348 440
352 440
360 440
364 440
372 440
376 440
384 440
388 440
396 440
400 440
408 440
412 440
420 440
424 440
432 440
436 440
444 440
448 440
456 440
460 440
468 440
472 440
480 440
484 440
492 440
496 440
504 440
508 440
516 440
520 440
528 440
532 440
540 440
544 440
552 440
556 440
564 440
568 440
576 440
580 440
588 440
592 440
0 450
4 450
12 450
16 450
24 450
28 450
36 450
40 450
48 450
52 450
60 450
64 450
72 450
76 450
84 450
88 450
96 450
100 450
108 450
112 450
120 450
124 450
132 450
136 450
144 450
148 450
156 450
160 450
168 450
172 450
180 450
184 450
192 450
196 450
204 450
208 450
216 450
220 450
228 450
232 450
240 450
244 450
252 450
256 450
264 450
268 450
276 450
280 450
288 450
292 450
300 450
304 450
312 450
316 450
324 450
328 450
336 450
340 450
348 450
352 450
360 450
364 450
372 450
376 450
384 450
388 450
396 450
400 450
408 450
412 450
420 450
424 450
432 450
436 450
444 450
448 450
456 450
460 450
468 450
472 450
480 450
484 450
492 450
496 450
504 450
508 450
516 450
520 450
528 450
532 450
540 450
544 450
552 450
556 450
564 450
568 450
576 450
580 450
588 450
592 450
0 460
4 460
12 460
16 460
24 460
28 460
36 460
40 460
48 460
52 460
60 460
64 460
72 460
76 460
84 460
88 460
96 460
100 460
108 460
112 460
120 460
124 460
132 460
136 460
144 460
148 460
156 460
160 460
168 460
172 460
180 460
184 460
192 460
196 460
204 460
208 460
216 460
220 460
228 460
232 460
240 460
244 460
252 460
256 460
264 460
268 460
276 460
280 460
288 460
292 460
300 460
304 460
312 460
316 460
324 460
328 460
336 460
340 460
348 460
352 460
360 460
364 460
372 460
376 460
384 460
388 460
396 460
400 460
408 460
412 460
420 460
424 460
432 460
436 460
444 460
448 460
456 460
460 460
468 460
472 460
480 460
484 460
492 460
496 460
504 460
508 460
516 460
520 460
528 460
532 460
540 460
544 460
552 460
556 460
564 460
568 460
576 460
580 460
588 460
592 460
0 470
4 470
12 470
16 470
24 470
28 470
36 470
40 470
48 470
52 470
60 470
64 470
72 470
76 470
84 470
88 470
96 470
100 470
108 470
112 470
120 470
124 470
132 470
136 470
144 470
148 470
156 470
160 470
168 470
172 470
180 470
184 470
192 470
196 470
204 470
208 470
216 470
220 470
228 470
232 470
240 470
244 470
252 470
256 470
264 470
268 470
276 470
280 470
288 470
292 470
300 470
304 470
312 470
316 470
324 470
328 470
336 470
340 470
348 470
352 470
360 470
364 470
372 470
376 470
384 470
388 470
396 470
400 470
408 470
412 470
420 470
424 470
432 470
436 470
444 470
448 470
456 470
460 470
468 470
472 470
480 470
484 470
492 470
496 470
504 470
508 470
516 470
520 470
528 470
532 470
540 470
544 470
552 470
556 470
564 470
568 470
576 470
580 470
588 470
592 470
0 480
4 480
12 480
16 480
24 480
28 480
36 480
40 480
48 480
52 480
60 480
64 480
72 480
76 480
84 480
88 480
96 480
100 480
108 480
112 480
120 480
124 480
132 480
136 480
144 480
148 480
156 480
160 480
168 480
172 480
180 480
184 480
192 480
196 480
204 480
208 480
216 480
220 480
228 480
232 480
240 480
244 480
252 480
256 480
264 480
268 480
276 480
280 480
288 480
292 480
300 480
304 480
312 480
316 480
324 480
328 480
336 480
340 480
348 480
352 480
360 480
364 480
372 480
376 480
384 480
388 480
396 480
400 480
408 480
412 480
420 480
424 480
432 480
436 480
444 480
448 480
456 480
460 480
468 480
472 480
480 480
484 480
492 480
496 480
504 480
508 480
516 480
520 480
528 480
532 480
540 480
544 480
552 480
556 480
564 480
568 480
576 480
580 480
588 480
592 480
0 490
4 490
12 490
16 490
24 490
28 490
36 490
40 490
48 490
52 490
60 490
64 490
72 490
76 490
84 490
88 490
96 490
100 490
108 490
112 490
120 490
124 490
132 490
136 490
144 490
148 490
156 490
160 490
168 490
172 490
180 490
184 490
192 490
196 490
204 490
208 490
216 490
220 490
228 490
232 490
240 490
244 490
252 490
256 490
264 490
268 490
276 490
280 490
288 490
292 490
300 490
304 490
312 490
316 490
324 490
328 490
336 490
340 490
348 490
352 490
360 490
364 490
372 490
376 490
384 490
388 490
396 490
400 490
408 490
412 490
420 490
424 490
432 490
436 490
444 490
448 490
456 490
460 490
468 490
472 490
480 490
484 490
492 490
496 490
504 490
508 490
516 490
520 490
528 490
532 490
540 490
544 490
552 490
556 490
564 490
568 490
576 490
580 490
588 490
592 490
0 500
4 500
12 500
16 500
24 500
28 500
36 500
40 500
48 500
52 500
60 500
64 500
72 500
76 500
84 500
88 500
96 500
100 500
108 500
112 500
120 500
124 500
132 500
136 500
144 500
148 500
156 500
160 500
168 500
172 500
180 500
184 500
192 500
196 500
204 500
208 500
216 500
220 500
228 500
232 500
240 500
244 500
252 500
256 500
264 500
268 500
276 500
280 500
288 500
292 500
300 500
304 500
312 500
316 500
324 500
328 500
336 500
340 500
348 500
352 500
360 500
364 500
372 500
376 500
384 500
388 500
396 500
400 500
408 500
412 500
420 500
424 500
432 500
436 500
444 500
448 500
456 500
460 500
468 500
472 500
480 500
484 500
492 500
496 500
504 500
508 500
516 500
520 500
528 500
532 500
540 500
544 500
552 500
556 500
564 500
568 500
576 500
580 500
588 500
592 500
0 510
4 510
12 510
16 510
24 510
28 510
36 510
40 510
48 510
52 510
60 510
64 510
72 510
76 510
84 510
88 510
96 510
100 510
108 510
112 510
120 510
124 510
132 510
136 510
144 510
148 510
156 510
160 510
168 510
172 510
180 510
184 510
192 510
196 510
204 510
208 510
216 510
220 510
228 510
232 510
240 510
244 510
252 510
256 510
264 510
268 510
276 510
280 510
288 510
292 510
300 510
304 510
312 510
316 510
324 510
328 510
336 510
340 510
348 510
352 510
360 510
364 510
372 510
376 510
384 510
388 510
396 510
400 510
408 510
412 510
420 510
424 510
432 510
436 510
444 510
448 510
456 510
460 510
468 510
472 510
480 510
484 510
492 510
496 510
504 510
508 510
516 510
520 510
528 510
532 510
540 510
544 510
552 510
556 510
564 510
568 510
576 510
580 510
588 510
592 510
0 520
4 520
12 520
16 520
24 520
28 520
36 520
40 520
48 520
52 520
60 520
64 520
72 520
76 520
84 520
88 520
96 520
100 520
108 520
112 520
120 520
124 520
132 520
136 520
144 520
148 520
156 520
160 520
168 520
172 520
180 520
184 520
192 520
196 520
204 520
208 520
216 520
220 520
228 520
232 520
240 520
244 520
252 520
256 520
264 520
268 520
276 520
280 520
288 520
292 520
300 520
304 520
312 520
316 520
324 520
328 520
336 520
340 520
348 520
352 520
360 520
364 520
372 520
376 520
384 520
388 520
396 520
400 520
408 520
412 520
420 520
424 520
432 520
436 520
444 520
448 520
456 520
460 520
468 520
472 520
480 520
484 520
492 520
496 520
504 520
508 520
516 520
520 520
528 520
532 520
540 520
544 520
552 520
556 520
564 520
568 520
576 520
580 520
588 520
592 520
0 530
4 530
12 530
16 530
24 530
28 530
36 530
40 530
48 530
52 530
60 530
64 530
72 530
76 530
84 530
88 530
96 530
100 530
108 530
112 530
120 530
124 530
132 530
136 530
144 530
148 530
156 530
160 530
168 530
172 530
180 530
184 530
192 530
196 530
204 530
208 530
216 530
220 530
228 530
232 530
240 530
244 530
252 530
256 530
264 530
268 530
276 530
280 530
288 530
292 530
300 530
304 530
312 530
316 530
324 530
328 530
336 530
340 530
348 530
352 530
360 530
364 530
372 530
376 530
384 530
388 530
396 530
400 530
408 530
412 530
420 530
424 530
432 530
436 530
444 530
448 530
456 530
460 530
468 530
472 530
480 530
484 530
492 530
496 530
504 530
508 530
516 530
520 530
528 530
532 530
540 530
544 530
552 530
556 530
564 530
568 530
576 530
580 530
588 530
592 530
0 540
4 540
12 540
16 540
24 540
28 540
36 540
40 540
48 540
52 540
60 540
64 540
72 540
76 540
84 540
88 540
96 540
100 540
108 540
112 540
120 540
124 540
132 540
136 540
144 540
148 540
156 540
160 540
168 540
172 540
180 540
184 540
192 540
196 540
204 540
208 540
216 540
220 540
228 540
232 540
240 540
244 540
252 540
256 540
264 540
268 540
276 540
280 540
288 540
292 540
300 540
304 540
312 540
316 540
324 540
328 540
336 540
340 540
348 540
352 540
360 540
364 540
372 540
376 540
384 540
388 540
396 540
400 540
408 540
412 540
420 540
424 540
432 540
436 540
444 540
448 540
456 540
460 540
468 540
472 540
480 540
484 540
492 540
496 540
504 540
508 540
516 540
520 540
528 540
532 540
540 540
544 540
552 540
556 540
564 540
568 540
576 540
580 540
588 540
592 540
0 550
4 550
12 550
16 550
24 550
28 550
36 550
40 550
48 550
52 550
60 550
64 550
72 550
76 550
84 550
88 550
96 550
100 550
108 550
112 550
120 550
124 550
132 550
136 550
144 550
148 550
156 550
160 550
168 550
172 550
180 550
184 550
192 550
196 550
204 550
208 550
216 550
220 550
228 550
232 550
240 550
244 550
252 550
256 550
264 550
268 550
276 550
280 550
288 550
292 550
300 550
304 550
312 550
316 550
324 550
328 550
336 550
340 550
348 550
352 550
360 550
364 550
372 550
376 550
384 550
388 550
396 550
400 550
408 550
412 550
420 550
424 550
432 550
436 550
444 550
448 550
456 550
460 550
468 550
472 550
480 550
484 550
492 550
496 550
504 550
508 550
516 550
520 550
528 550
532 550
540 550
544 550
552 550
556 550
564 550
568 550
576 550
580 550
588 550
592 550
0 560
4 560
12 560
16 560
24 560
28 560
36 560
40 560
48 560
52 560
60 560
64 560
72 560
76 560
84 560
88 560
96 560
100 560
108 560
112 560
120 560
124 560
132 560
136 560
144 560
148 560
156 560
160 560
168 560
172 560
180 560
184 560
192 560
196 560
204 560
208 560
216 560
220 560
228 560
232 560
240 560
244 560
252 560
256 560
264 560
268 560
276 560
280 560
288 560
292 560
300 560
304 560
312 560
316 560
324 560
328 560
336 560
340 560
348 560
352 560
360 560
364 560
372 560
376 560
384 560
388 560
396 560
400 560
408 560
412 560
420 560
424 560
432 560
436 560
444 560
448 560
456 560
460 560
468 560
472 560
480 560
484 560
492 560
496 560
504 560
508 560
516 560
520 560
528 560
532 560
540 560
544 560
552 560
556 560
564 560
568 560
576 560
580 560
588 560
592 560
0 570
4 570
12 570
16 570
24 570
28 570
36 570
40 570
48 570
52 570
60 570
64 570
72 570
76 570
84 570
88 570
96 570
100 570
108 570
112 570
120 570
124 570
132 570
136 570
144 570
148 570
156 570
160 570
168 570
172 570
180 570
184 570
192 570
196 570
204 570
208 570
216 570
220 570
228 570
232 570
240 570
244 570
252 570
256 570
264 570
268 570
276 570
280 570
288 570
292 570
300 570
304 570
312 570
316 570
324 570
328 570
336 570
340 570
348 570
352 570
360 570
364 570
372 570
376 570
384 570
388 570
396 570
400 570
408 570
412 570
420 570
424 570
432 570
436 570
444 570
448 570
456 570
460 570
468 570
472 570
480 570
484 570
492 570
496 570
504 570
508 570
516 570
520 570
528 570
532 570
540 570
544 570
552 570
556 570
564 570
568 570
576 570
580 570
588 570
592 570
0 580
4 580
12 580
16 580
24 580
28 580
36 580
40 580
48 580
52 580
60 580
64 580
72 580
76 580
84 580
88 580
96 580
100 580
108 580
112 580
120 580
124 580
132 580
136 580
144 580
148 580
156 580
160 580
168 580
172 580
180 580
184 580
192 580
196 580
204 580
208 580
216 580
220 580
228 580
232 580
240 580
244 580
252 580
256 580
264 580
268 580
276 580
280 580
288 580
292 580
300 580
304 580
312 580
316 580
324 580
328 580
336 580
340 580
348 580
352 580
360 580
364 580
372 580
376 580
384 580
388 580
396 580
400 580
408 580
412 580
420 580
424 580
432 580
436 580
444 580
448 580
456 580
460 580
468 580
472 580
480 580
484 580
492 580
496 580
504 580
508 580
516 580
520 580
528 580
532 580
540 580
544 580
552 580
556 580
564 580
568 580
576 580
580 580
588 580
592 580
0 590
4 590
12 590
16 590
24 590
28 590
36 590
40 590
48 590
52 590
60 590
64 590
72 590
76 590
84 590
88 590
96 590
100 590
108 590
112 590
120 590
124 590
132 590
136 590
144 590
148 590
156 590
160 590
168 590
172 590
180 590
184 590
192 590
196 590
204 590
208 590
216 590
220 590
228 590
232 590
240 590
244 590
252 590
256 590
264 590
268 590
276 590
280 590
288 590
292 590
300 590
304 590
312 590
316 590
324 590
328 590
336 590
340 590
348 590
352 590
360 590
364 590
372 590
376 590
384 590
388 590
396 590
400 590
408 590
412 590
420 590
424 590
432 590
436 590
444 590
448 590
456 590
460 590
468 590
472 590
480 590
484 590
492 590
496 590
504 590
508 590
516 590
520 590
528 590
532 590
540 590
544 590
552 590
556 590
564 590
568 590
576 590
580 590
588 590
592 590
0 600
4 600
12 600
16 600
24 600
28 600
36 600
40 600
48 600
52 600
60 600
64 600
72 600
76 600
84 600
88 600
96 600
100 600
108 600
112 600
120 600
124 600
132 600
136 600
144 600
148 600
156 600
160 600
168 600
172 600
180 600
184 600
192 600
196 600
204 600
208 600
216 600
220 600
228 600
232 600
240 600
244 600
252 600
256 600
264 600
268 600
276 600
280 600
288 600
292 600
300 600
304 600
312 600
316 600
324 600
328 600
336 600
340 600
348 600
352 600
360 600
364 600
372 600
376 600
384 600
388 600
396 600
400 600
408 600
412 600
420 600
424 600
432 600
436 600
444 600
448 600
456 600
460 600
468 600
472 600
480 600
484 600
492 600
496 600
504 600
508 600
516 600
520 600
528 600
532 600
540 600
544 600
552 600
556 600
564 600
568 600
576 600
580 600
588 600
592 600
0 610
4 610
12 610
16 610
24 610
28 610
36 610
40 610
48 610
52 610
60 610
64 610
72 610
76 610
84 610
88 610
96 610
100 610
108 610
112 610
120 610
124 610
132 610
136 610
144 610
148 610
156 610
160 610
168 610
172 610
180 610
184 610
192 610
196 610
204 610
208 610
216 610
220 610
228 610
232 610
240 610
244 610
252 610
256 610
264 610
268 610
276 610
280 610
288 610
292 610
300 610
304 610
312 610
316 610
324 610
328 610
336 610
340 610
348 610
352 610
360 610
364 610
372 610
376 610
384 610
388 610
396 610
400 610
408 610
412 610
420 610
424 610
432 610
436 610
444 610
448 610
456 610
460 610
468 610
472 610
480 610
484 610
492 610
496 610
504 610
508 610
516 610
520 610
528 610
532 610
540 610
544 610
552 610
556 610
564 610
568 610
576 610
580 610
588 610
592 610
0 620
4 620
12 620
16 620
24 620
28 620
36 620
40 620
48 620
52 620
60 620
64 620
72 620
76 620
84 620
88 620
96 620
100 620
108 620
112 620
120 620
124 620
132 620
136 620
144 620
148 620
156 620
160 620
168 620
172 620
180 620
184 620
192 620
196 620
204 620
208 620
216 620
220 620
228 620
232 620
240 620
244 620
252 620
256 620
264 620
268 620
276 620
280 620
288 620
292 620
300 620
304 620
312 620
316 620
324 620
328 620
336 620
340 620
348 620
352 620
360 620
364 620
372 620
376 620
384 620
388 620
396 620
400 620
408 620
412 620
420 620
424 620
432 620
436 620
444 620
448 620
456 620
460 620
468 620
472 620
480 620
484 620
492 620
496 620
504 620
508 620
516 620
520 620
528 620
532 620
540 620
544 620
552 620
556 620
564 620
568 620
576 620
580 620
588 620
592 620
0 630
4 630
12 630
16 630
24 630
28 630
36 630
40 630
48 630
52 630
60 630
64 630
72 630
76 630
84 630
88 630
96 630
100 630
108 630
112 630
120 630
124 630
132 630
136 630
144 630
148 630
156 630
160 630
168 630
172 630
180 630
184 630
192 630
196 630
204 630
208 630
216 630
220 630
228 630
232 630
240 630
244 630
252 630
256 630
264 630
268 630
276 630
280 630
288 630
292 630
300 630
304 630
312 630
316 630
324 630
328 630
336 630
340 630
348 630
352 630
360 630
364 630
372 630
376 630
384 630
388 630
396 630
400 630
408 630
412 630
420 630
424 630
432 630
436 630
444 630
448 630
456 630
460 630
468 630
472 630
480 630
484 630
492 630
496 630
504 630
508 630
516 630
520 630
528 630
532 630
540 630
544 630
552 630
556 630
564 630
568 630
576 630
580 630
588 630
592 630
0 640
4 640
12 640
16 640
24 640
28 640
36 640
40 640
48 640
52 640
60 640
64 640
72 640
76 640
84 640
88 640
96 640
100 640
108 640
112 640
120 640
124 640
132 640
136 640
144 640
148 640
156 640
160 640
168 640
172 640
180 640
184 640
192 640
196 640
204 640
208 640
216 640
220 640
228 640
232 640
240 640
244 640
252 640
256 640
264 640
268 640
276 640
280 640
288 640
292 640
300 640
304 640
312 640
316 640
324 640
328 640
336 640
340 640
348 640
352 640
360 640
364 640
372 640
376 640
384 640
388 640
396 640
400 640
408 640
412 640
420 640
424 640
432 640
436 640
444 640
448 640
456 640
460 640
468 640
472 640
480 640
484 640
492 640
496 640
504 640
508 640
516 640
520 640
528 640
532 640
540 640
544 640
552 640
556 640
564 640
568 640
576 640
580 640
588 640
592 640
0 650
4 650
12 650
16 650
24 650
28 650
36 650
40 650
48 650
52 650
60 650
64 650
72 650
76 650
84 650
88 650
96 650
100 650
108 650
112 650
120 650
124 650
132 650
136 650
144 650
148 650
156 650
160 650
168 650
172 650
180 650
184 650
192 650
196 650
204 650
208 650
216 650
220 650
228 650
232 650
240 650
244 650
252 650
256 650
264 650
268 650
276 650
280 650
288 650
292 650
300 650
304 650
312 650
316 650
324 650
328 650
336 650
340 650
348 650
352 650
360 650
364 650
372 650
376 650
384 650
388 650
396 650
400 650
408 650
412 650
420 650
424 650
432 650
436 650
444 650
448 650
456 650
460 650
468 650
472 650
480 650
484 650
492 650
496 650
504 650
508 650
516 650
520 650
528 650
532 650
540 650
544 650
552 650
556 650
564 650
568 650
576 650
580 650
588 650
592 650
0 660
4 660
12 660
16 660
24 660
28 660
36 660
40 660
48 660
52 660
60 660
64 660
72 660
76 660
84 660
88 660
96 660
100 660
108 660
112 660
120 660
124 660
132 660
136 660
144 660
148 660
156 660
160 660
168 660
172 660
180 660
184 660
192 660
196 660
204 660
208 660
216 660
220 660
228 660
232 660
240 660
244 660
252 660
256 660
264 660
268 660
276 660
280 660
288 660
292 660
300 660
304 660
312 660
316 660
324 660
328 660
336 660
340 660
348 660
352 660
360 660
364 660
372 660
376 660
384 660
388 660
396 660
400 660
408 660
412 660
420 660
424 660
432 660
436 660
444 660
448 660
456 660
460 660
468 660
472 660
480 660
484 660
492 660
496 660
504 660
508 660
516 660
520 660
528 660
532 660
540 660
544 660
552 660
556 660
564 660
568 660
576 660
580 660
588 660
592 660
0 670
4 670
12 670
16 670
24 670
28 670
36 670
40 670
48 670
52 670
60 670
64 670
72 670
76 670
84 670
88 670
96 670
100 670
108 670
112 670
120 670
124 670
132 670
136 670
144 670
148 670
156 670
160 670
168 670
172 670
180 670
184 670
192 670
196 670
204 670
208 670
216 670
220 670
228 670
232 670
240 670
244 670
252 670
256 670
264 670
268 670
276 670
280 670
288 670
292 670
300 670
304 670
312 670
316 670
324 670
328 670
336 670
340 670
348 670
352 670
360 670
364 670
372 670
376 670
384 670
388 670
396 670
400 670
408 670
412 670
420 670
424 670
432 670
436 670
444 670
448 670
456 670
460 670
468 670
472 670
480 670
484 670
492 670
496 670
504 670
508 670
516 670
520 670
528 670
532 670
540 670
544 670
552 670
556 670
564 670
568 670
576 670
580 670
588 670
592 670
0 680
4 680
12 680
16 680
24 680
28 680
36 680
40 680
48 680
52 680
60 680
64 680
72 680
76 680
84 680
88 680
96 680
100 680
108 680
112 680
120 680
124 680
132 680
136 680
144 680
148 680
156 680
160 680
168 680
172 680
180 680
184 680
192 680
196 680
204 680
208 680
216 680
220 680
228 680
232 680
240 680
244 680
252 680
256 680
264 680
268 680
276 680
280 680
288 680
292 680
300 680
304 680
312 680
316 680
324 680
328 680
336 680
340 680
348 680
352 680
360 680
364 680
372 680
376 680
384 680
388 680
396 680
400 680
408 680
412 680
420 680
424 680
432 680
436 680
444 680
448 680
456 680
460 680
468 680
472 680
480 680
484 680
492 680
496 680
504 680
508 680
516 680
520 680
528 680
532 680
540 680
544 680
552 680
556 680
564 680
568 680
576 680
580 680
588 680
592 680
0 690
4 690
12 690
16 690
24 690
28 690
36 690
40 690
48 690
52 690
60 690
64 690
72 690
76 690
84 690
88 690
96 690
100 690
108 690
112 690
120 690
124 690
132 690
136 690
144 690
148 690
156 690
160 690
168 690
172 690
180 690
184 690
192 690
196 690
204 690
208 690
216 690
220 690
228 690
232 690
240 690
244 690
252 690
256 690
264 690
268 690
276 690
280 690
288 690
292 690
300 690
304 690
312 690
316 690
324 690
328 690
336 690
340 690
348 690
352 690
360 690
364 690
372 690
376 690
384 690
388 690
396 690
400 690
408 690
412 690
420 690
424 690
432 690
436 690
444 690
448 690
456 690
460 690
468 690
472 690
480 690
484 690
492 690
496 690
504 690
508 690
516 690
520 690
528 690
532 690
540 690
544 690
552 690
556 690
564 690
568 690
576 690
580 690
588 690
592 690
0 700
4 700
12 700
16 700
24 700
28 700
36 700
40 700
48 700
52 700
60 700
64 700
72 700
76 700
84 700
88 700
96 700
100 700
108 700
112 700
120 700
124 700
132 700
136 700
144 700
148 700
156 700
160 700
168 700
172 700
180 700
184 700
192 700
196 700
204 700
208 700
216 700
220 700
228 700
232 700
240 700
244 700
252 700
256 700
264 700
268 700
276 700
280 700
288 700
292 700
300 700
304 700
312 700
316 700
324 700
328 700
336 700
340 700
348 700
352 700
360 700
364 700
372 700
376 700
384 700
388 700
396 700
400 700
408 700
412 700
420 700
424 700
432 700
436 700
444 700
448 700
456 700
460 700
468 700
472 700
480 700
484 700
492 700
496 700
504 700
508 700
516 700
520 700
528 700
532 700
540 700
544 700
552 700
556 700
564 700
568 700
576 700
580 700
588 700
592 700
0 710
4 710
12 710
16 710
24 710
28 710
36 710
40 710
48 710
52 710
60 710
64 710
72 710
76 710
84 710
88 710
96 710
100 710
108 710
112 710
120 710
124 710
132 710
136 710
144 710
148 710
156 710
160 710
168 710
172 710
180 710
184 710
192 710
196 710
204 710
208 710
216 710
220 710
228 710
232 710
240 710
244 710
252 710
256 710
264 710
268 710
276 710
280 710
288 710
292 710
300 710
304 710
312 710
316 710
324 710
328 710
336 710
340 710
348 710
352 710
360 710
364 710
372 710
376 710
384 710
388 710
396 710
400 710
408 710
412 710
420 710
424 710
432 710
436 710
444 710
448 710
456 710
460 710
468 710
472 710
480 710
484 710
492 710
496 710
504 710
508 710
516 710
520 710
528 710
532 710
540 710
544 710
552 710
556 710
564 710
568 710
576 710
580 710
588 710
592 710
0 720
4 720
12 720
16 720
24 720
28 720
36 720
40 720
48 720
52 720
60 720
64 720
72 720
76 720
84 720
88 720
96 720
100 720
108 720
112 720
120 720
124 720
132 720
136 720
144 720
148 720
156 720
160 720
168 720
172 720
180 720
184 720
192 720
196 720
204 720
208 720
216 720
220 720
228 720
232 720
240 720
244 720
252 720
256 720
264 720
268 720
276 720
280 720
288 720
292 720
300 720
304 720
312 720
316 720
324 720
328 720
336 720
340 720
348 720
352 720
360 720
364 720
372 720
376 720
384 720
388 720
396 720
400 720
408 720
412 720
420 720
424 720
432 720
436 720
444 720
448 720
456 720
460 720
468 720
472 720
480 720
484 720
492 720
496 720
504 720
508 720
516 720
520 720
528 720
532 720
540 720
544 720
552 720
556 720
564 720
568 720
576 720
580 720
588 720
592 720
0 730
4 730
12 730
16 730
24 730
28 730
36 730
40 730
48 730
52 730
60 730
64 730
72 730
76 730
84 730
88 730
96 730
100 730
108 730
112 730
120 730
124 730
132 730
136 730
144 730
148 730
156 730
160 730
168 730
172 730
180 730
184 730
192 730
196 730
204 730
208 730
216 730
220 730
228 730
232 730
240 730
244 730
252 730
256 730
264 730
268 730
276 730
280 730
288 730
292 730
300 730
304 730
312 730
316 730
324 730
328 730
336 730
340 730
348 730
352 730
360 730
364 730
372 730
376 730
384 730
388 730
396 730
400 730
408 730
412 730
420 730
424 730
432 730
436 730
444 730
448 730
456 730
460 730
468 730
472 730
480 730
484 730
492 730
496 730
504 730
508 730
516 730
520 730
528 730
532 730
540 730
544 730
552 730
556 730
564 730
568 730
576 730
580 730
588 730
592 730
0 740
4 740
12 740
16 740
24 740
28 740
36 740
40 740
48 740
52 740
60 740
64 740
72 740
76 740
84 740
88 740
96 740
100 740
108 740
112 740
120 740
124 740
132 740
136 740
144 740
148 740
156 740
160 740
168 740
172 740
180 740
184 740
192 740
196 740
204 740
208 740
216 740
220 740
228 740
232 740
240 740
244 740
252 740
256 740
264 740
268 740
276 740
280 740
288 740
292 740
300 740
304 740
312 740
316 740
324 740
328 740
336 740
340 740
348 740
352 740
360 740
364 740
372 740
376 740
384 740
388 740
396 740
400 740
408 740
412 740
420 740
424 740
432 740
436 740
444 740
448 740
456 740
460 740
468 740
472 740
480 740
484 740
492 740
496 740
504 740
508 740
516 740
520 740
528 740
532 740
540 740
544 740
552 740
556 740
564 740
568 740
576 740
580 740
588 740
592 740
0 750
4 750
12 750
16 750
24 750
28 750
36 750
40 750
48 750
52 750
60 750
64 750
72 750
76 750
84 750
88 750
96 750
100 750
108 750
112 750
120 750
124 750
132 750
136 750
144 750
148 750
156 750
160 750
168 750
172 750
180 750
184 750
192 750
196 750
204 750
208 750
216 750
220 750
228 750
232 750
240 750
244 750
252 750
256 750
264 750
268 750
276 750
280 750
288 750
292 750
300 750
304 750
312 750
316 750
324 750
328 750
336 750
340 750
348 750
352 750
360 750
364 750
372 750
376 750
384 750
388 750
396 750
400 750
408 750
412 750
420 750
424 750
432 750
436 750
444 750
448 750
456 750
460 750
468 750
472 750
480 750
484 750
492 750
496 750
504 750
508 750
516 750
520 750
528 750
532 750
540 750
544 750
552 750
556 750
564 750
568 750
576 750
580 750
588 750
592 750
0 760
4 760
12 760
16 760
24 760
28 760
36 760
40 760
48 760
52 760
60 760
64 760
72 760
76 760
84 760
88 760
96 760
100 760
108 760
112 760
120 760
124 760
132 760
136 760
144 760
148 760
156 760
160 760
168 760
172 760
180 760
184 760
192 760
196 760
204 760
208 760
216 760
220 760
228 760
232 760
240 760
244 760
252 760
256 760
264 760
268 760
276 760
280 760
288 760
292 760
300 760
304 760
312 760
316 760
324 760
328 760
336 760
340 760
348 760
352 760
360 760
364 760
372 760
376 760
384 760
388 760
396 760
400 760
408 760
412 760
420 760
424 760
432 760
436 760
444 760
448 760
456 760
460 760
468 760
472 760
480 760
484 760
492 760
496 760
504 760
508 760
516 760
520 760
528 760
532 760
540 760
544 760
552 760
556 760
564 760
568 760
576 760
580 760
588 760
592 760
0 770
4 770
12 770
16 770
24 770
28 770
36 770
40 770
48 770
52 770
60 770
64 770
72 770
76 770
84 770
88 770
96 770
100 770
108 770
112 770
120 770
124 770
132 770
136 770
144 770
148 770
156 770
160 770
168 770
172 770
180 770
184 770
192 770
196 770
204 770
208 770
216 770
220 770
228 770
232 770
240 770
244 770
252 770
256 770
264 770
268 770
276 770
280 770
288 770
292 770
300 770
304 770
312 770
316 770
324 770
328 770
336 770
340 770
348 770
352 770
360 770
364 770
372 770
376 770
384 770
388 770
396 770
400 770
408 770
412 770
420 770
424 770
432 770
436 770
444 770
448 770
456 770
460 770
468 770
472 770
480 770
484 770
492 770
496 770
504 770
508 770
516 770
520 770
528 770
532 770
540 770
544 770
552 770
556 770
564 770
568 770
576 770
580 770
588 770
592 770
0 780
4 780
12 780
16 780
24 780
28 780
36 780
40 780
48 780
52 780
60 780
64 780
72 780
76 780
84 780
88 780
96 780
100 780
108 780
112 780
120 780
124 780
132 780
136 780
144 780
148 780
156 780
160 780
168 780
172 780
180 780
184 780
192 780
196 780
204 780
208 780
216 780
220 780
228 780
232 780
240 780
244 780
252 780
256 780
264 780
268 780
276 780
280 780
288 780
292 780
300 780
304 780
312 780
316 780
324 780
328 780
336 780
340 780
348 780
352 780
360 780
364 780
372 780
376 780
384 780
388 780
396 780
400 780
408 780
412 780
420 780
424 780
432 780
436 780
444 780
448 780
456 780
460 780
468 780
472 780
480 780
484 780
492 780
496 780
504 780
508 780
516 780
520 780
528 780
532 780
540 780
544 780
552 780
556 780
564 780
568 780
576 780
580 780
588 780
592 780
0 790
4 790
12 790
16 790
24 790
28 790
36 790
40 790
48 790
52 790
60 790
64 790
72 790
76 790
84 790
88 790
96 790
100 790
108 790
112 790
120 790
124 790
132 790
136 790
144 790
148 790
156 790
160 790
168 790
172 790
180 790
184 790
192 790
196 790
204 790
208 790
216 790
220 790
228 790
232 790
240 790
244 790
252 790
256 790
264 790
268 790
276 790
280 790
288 790
292 790
300 790
304 790
312 790
316 790
324 790
328 790
336 790
340 790
348 790
352 790
360 790
364 790
372 790
376 790
384 790
388 790
396 790
400 790
408 790
412 790
420 790
424 790
432 790
436 790
444 790
448 790
456 790
460 790
468 790
472 790
480 790
484 790
492 790
496 790
504 790
508 790
516 790
520 790
528 790
532 790
540 790
544 790
552 790
556 790
564 790
568 790
576 790
580 790
588 790
592 790
0 800
4 800
12 800
16 800
24 800
28 800
36 800
40 800
48 800
52 800
60 800
64 800
72 800
76 800
84 800
88 800
96 800
100 800
108 800
112 800
120 800
124 800
132 800
136 800
144 800
148 800
156 800
160 800
168 800
172 800
180 800
184 800
192 800
196 800
204 800
208 800
216 800
220 800
228 800
232 800
240 800
244 800
252 800
256 800
264 800
268 800
276 800
280 800
288 800
292 800
300 800
304 800
312 800
316 800
324 800
328 800
336 800
340 800
348 800
352 800
360 800
364 800
372 800
376 800
384 800
388 800
396 800
400 800
408 800
412 800
420 800
424 800
432 800
436 800
444 800
448 800
456 800
460 800
468 800
472 800
480 800
484 800
492 800
496 800
504 800
508 800
516 800
520 800
528 800
532 800
540 800
544 800
552 800
556 800
564 800
568 800
576 800
580 800
588 800
592 800
0 810
4 810
12 810
16 810
24 810
28 810
36 810
40 810
48 810
52 810
60 810
64 810
72 810
76 810
84 810
88 810
96 810
100 810
108 810
112 810
120 810
124 810
132 810
136 810
144 810
148 810
156 810
160 810
168 810
172 810
180 810
184 810
192 810
196 810
204 810
208 810
216 810
220 810
228 810
232 810
240 810
244 810
252 810
256 810
264 810
268 810
276 810
280 810
288 810
292 810
300 810
304 810
312 810
316 810
324 810
328 810
336 810
340 810
348 810
352 810
360 810
364 810
372 810
376 810
384 810
388 810
396 810
400 810
408 810
412 810
420 810
424 810
432 810
436 810
444 810
448 810
456 810
460 810
468 810
472 810
480 810
484 810
492 810
496 810
504 810
508 810
516 810
520 810
528 810
532 810
540 810
544 810
552 810
556 810
564 810
568 810
576 810
580 810
588 810
592 810
0 820
4 820
12 820
16 820
24 820
28 820
36 820
40 820
48 820
52 820
60 820
64 820
72 820
76 820
84 820
88 820
96 820
100 820
108 820
112 820
120 820
124 820
132 820
136 820
144 820
148 820
156 820
160 820
168 820
172 820
180 820
184 820
192 820
196 820
204 820
208 820
216 820
220 820
228 820
232 820
240 820
244 820
252 820
256 820
264 820
268 820
276 820
280 820
288 820
292 820
300 820
304 820
312 820
316 820
324 820
328 820
336 820
340 820
348 820
352 820
360 820
364 820
372 820
376 820
384 820
388 820
396 820
400 820
408 820
412 820
420 820
424 820
432 820
436 820
444 820
448 820
456 820
460 820
468 820
472 820
480 820
484 820
492 820
496 820
504 820
508 820
516 820
520 820
528 820
532 820
540 820
544 820
552 820
556 820
564 820
568 820
576 820
580 820
588 820
592 820
0 830
4 830
12 830
16 830
24 830
28 830
36 830
40 830
48 830
52 830
60 830
64 830
72 830
76 830
84 830
88 830
96 830
100 830
108 830
112 830
120 830
124 830
132 830
136 830
144 830
148 830
156 830
160 830
168 830
172 830
180 830
184 830
192 830
196 830
204 830
208 830
216 830
220 830
228 830
232 830
240 830
244 830
252 830
256 830
264 830
268 830
276 830
280 830
288 830
292 830
300 830
304 830
312 830
316 830
324 830
328 830
336 830
340 830
348 830
352 830
360 830
364 830
372 830
376 830
384 830
388 830
396 830
400 830
408 830
412 830
420 830
424 830
432 830
436 830
444 830
448 830
456 830
460 830
468 830
472 830
480 830
484 830
492 830
496 830
504 830
508 830
516 830
520 830
528 830
532 830
540 830
544 830
552 830
556 830
564 830
568 830
576 830
580 830
588 830
592 830
0 840
4 840
12 840
16 840
24 840
28 840
36 840
40 840
48 840
52 840
60 840
64 840
72 840
76 840
84 840
88 840
96 840
100 840
108 840
112 840
120 840
124 840
132 840
136 840
144 840
148 840
156 840
160 840
168 840
172 840
180 840
184 840
192 840
196 840
204 840
208 840
216 840
220 840
228 840
232 840
240 840
244 840
252 840
256 840
264 840
268 840
276 840
280 840
288 840
292 840
300 840
304 840
312 840
316 840
324 840
328 840
336 840
340 840
348 840
352 840
360 840
364 840
372 840
376 840
384 840
388 840
396 840
400 840
408 840
412 840
420 840
424 840
432 840
436 840
444 840
448 840
456 840
460 840
468 840
472 840
480 840
484 840
492 840
496 840
504 840
508 840
516 840
520 840
528 840
532 840
540 840
544 840
552 840
556 840
564 840
568 840
576 840
580 840
588 840
592 840
0 850
4 850
12 850
16 850
24 850
28 850
36 850
40 850
48 850
52 850
60 850
64 850
72 850
76 850
84 850
88 850
96 850
100 850
108 850
112 850
120 850
124 850
132 850
136 850
144 850
148 850
156 850
160 850
168 850
172 850
180 850
184 850
192 850
196 850
204 850
208 850
216 850
220 850
228 850
232 850
240 850
244 850
252 850
256 850
264 850
268 850
276 850
280 850
288 850
292 850
300 850
304 850
312 850
316 850
324 850
328 850
336 850
340 850
348 850
352 850
360 850
364 850
372 850
376 850
384 850
388 850
396 850
400 850
408 850
412 850
420 850
424 850
432 850
436 850
444 850
448 850
456 850
460 850
468 850
472 850
480 850
484 850
492 850
496 850
504 850
508 850
516 850
520 850
528 850
532 850
540 850
544 850
552 850
556 850
564 850
568 850
576 850
580 850
588 850
592 850
0 860
4 860
12 860
16 860
24 860
28 860
36 860
40 860
48 860
52 860
60 860
64 860
72 860
76 860
84 860
88 860
96 860
100 860
108 860
112 860
120 860
124 860
132 860
136 860
144 860
148 860
156 860
160 860
168 860
172 860
180 860
184 860
192 860
196 860
204 860
208 860
216 860
220 860
228 860
232 860
240 860
244 860
252 860
256 860
264 860
268 860
276 860
280 860
288 860
292 860
300 860
304 860
312 860
316 860
324 860
328 860
336 860
340 860
348 860
352 860
360 860
364 860
372 860
376 860
384 860
388 860
396 860
400 860
408 860
412 860
420 860
424 860
432 860
436 860
444 860
448 860
456 860
460 860
468 860
472 860
480 860
484 860
492 860
496 860
504 860
508 860
516 860
520 860
528 860
532 860
540 860
544 860
552 860
556 860
564 860
568 860
576 860
580 860
588 860
592 860
0 870
4 870
12 870
16 870
24 870
28 870
36 870
40 870
48 870
52 870
60 870
64 870
72 870
76 870
84 870
88 870
96 870
100 870
108 870
112 870
120 870
124 870
132 870
136 870
144 870
148 870
156 870
160 870
168 870
172 870
180 870
184 870
192 870
196 870
204 870
208 870
216 870
220 870
228 870
232 870
240 870
244 870
252 870
256 870
264 870
268 870
276 870
280 870
288 870
292 870
300 870
304 870
312 870
316 870
324 870
328 870
336 870
340 870
348 870
352 870
360 870
364 870
372 870
376 870
384 870
388 870
396 870
400 870
408 870
412 870
420 870
424 870
432 870
436 870
444 870
448 870
456 870
460 870
468 870
472 870
480 870
484 870
492 870
496 870
504 870
508 870
516 870
520 870
528 870
532 870
540 870
544 870
552 870
556 870
564 870
568 870
576 870
580 870
588 870
592 870
0 880
4 880
12 880
16 880
24 880
28 880
36 880
40 880
48 880
52 880
60 880
64 880
72 880
76 880
84 880
88 880
96 880
100 880
108 880
112 880
120 880
124 880
132 880
136 880
144 880
148 880
156 880
160 880
168 880
172 880
180 880
184 880
192 880
196 880
204 880
208 880
216 880
220 880
228 880
232 880
240 880
244 880
252 880
256 880
264 880
268 880
276 880
280 880
288 880
292 880
300 880
304 880
312 880
316 880
324 880
328 880
336 880
340 880
348 880
352 880
360 880
364 880
372 880
376 880
384 880
388 880
396 880
400 880
408 880
412 880
420 880
424 880
432 880
436 880
444 880
448 880
456 880
460 880
468 880
472 880
480 880
484 880
492 880
496 880
504 880
508 880
516 880
520 880
528 880
532 880
540 880
544 880
552 880
556 880
564 880
568 880
576 880
580 880
588 880
592 880
0 890
4 890
12 890
16 890
24 890
28 890
36 890
40 890
48 890
52 890
60 890
64 890
72 890
76 890
84 890
88 890
96 890
100 890
108 890
112 890
120 890
124 890
132 890
136 890
144 890
148 890
156 890
160 890
168 890
172 890
180 890
184 890
192 890
196 890
204 890
208 890
216 890
220 890
228 890
232 890
240 890
244 890
252 890
256 890
264 890
268 890
276 890
280 890
288 890
292 890
300 890
304 890
312 890
316 890
324 890
328 890
336 890
340 890
348 890
352 890
360 890
364 890
372 890
376 890
384 890
388 890
396 890
400 890
408 890
412 890
420 890
424 890
432 890
436 890
444 890
448 890
456 890
460 890
468 890
472 890
480 890
484 890
492 890
496 890
504 890
508 890
516 890
520 890
528 890
532 890
540 890
544 890
552 890
556 890
564 890
568 890
576 890
580 890
588 890
592 890
0 900
4 900
12 900
16 900
24 900
28 900
36 900
40 900
48 900
52 900
60 900
64 900
72 900
76 900
84 900
88 900
96 900
100 900
108 900
112 900
120 900
124 900
132 900
136 900
144 900
148 900
156 900
160 900
168 900
172 900
180 900
184 900
192 900
196 900
204 900
208 900
216 900
220 900
228 900
232 900
240 900
244 900
252 900
256 900
264 900
268 900
276 900
280 900
288 900
292 900
300 900
304 900
312 900
316 900
324 900
328 900
336 900
340 900
348 900
352 900
360 900
364 900
372 900
376 900
384 900
388 900
396 900
400 900
408 900
412 900
420 900
424 900
432 900
436 900
444 900
448 900
456 900
460 900
468 900
472 900
480 900
484 900
492 900
496 900
504 900
508 900
516 900
520 900
528 900
532 900
540 900
544 900
552 900
556 900
564 900
568 900
576 900
580 900
588 900
592 900
0 910
4 910
12 910
16 910
24 910
28 910
36 910
40 910
48 910
52 910
60 910
64 910
72 910
76 910
84 910
88 910
96 910
100 910
108 910
112 910
120 910
124 910
132 910
136 910
144 910
148 910
156 910
160 910
168 910
172 910
180 910
184 910
192 910
196 910
204 910
208 910
216 910
220 910
228 910
232 910
240 910
244 910
252 910
256 910
264 910
268 910
276 910
280 910
288 910
292 910
300 910
304 910
312 910
316 910
324 910
328 910
336 910
340 910
348 910
352 910
360 910
364 910
372 910
376 910
384 910
388 910
396 910
400 910
408 910
412 910
420 910
424 910
432 910
436 910
444 910
448 910
456 910
460 910
468 910
472 910
480 910
484 910
492 910
496 910
504 910
508 910
516 910
520 910
528 910
532 910
540 910
544 910
552 910
556 910
564 910
568 910
576 910
580 910
588 910
592 910
0 920
4 920
12 920
16 920
24 920
28 920
36 920
40 920
48 920
52 920
60 920
64 920
72 920
76 920
84 920
88 920
96 920
100 920
108 920
112 920
120 920
124 920
132 920
136 920
144 920
148 920
156 920
160 920
168 920
172 920
180 920
184 920
192 920
196 920
204 920
208 920
216 920
220 920
228 920
232 920
240 920
244 920
252 920
256 920
264 920
268 920
276 920
280 920
288 920
292 920
300 920
304 920
312 920
316 920
324 920
328 920
336 920
340 920
348 920
352 920
360 920
364 920
372 920
376 920
384 920
388 920
396 920
400 920
408 920
412 920
420 920
424 920
432 920
436 920
444 920
448 920
456 920
460 920
468 920
472 920
480 920
484 920
492 920
496 920
504 920
508 920
516 920
520 920
528 920
532 920
540 920
544 920
552 920
556 920
564 920
568 920
576 920
580 920
588 920
592 920
0 930
4 930
12 930
16 930
24 930
28 930
36 930
40 930
48 930
52 930
60 930
64 930
72 930
76 930
84 930
88 930
96 930
100 930
108 930
112 930
120 930
124 930
132 930
136 930
144 930
148 930
156 930
160 930
168 930
172 930
180 930
184 930
192 930
196 930
204 930
208 930
216 930
220 930
228 930
232 930
240 930
244 930
252 930
256 930
264 930
268 930
276 930
280 930
288 930
292 930
300 930
304 930
312 930
316 930
324 930
328 930
336 930
340 930
348 930
352 930
360 930
364 930
372 930
376 930
384 930
388 930
396 930
400 930
408 930
412 930
420 930
424 930
432 930
436 930
444 930
448 930
456 930
460 930
468 930
472 930
480 930
484 930
492 930
496 930
504 930
508 930
516 930
520 930
528 930
532 930
540 930
544 930
552 930
556 930
564 930
568 930
576 930
580 930
588 930
592 930
0 940
4 940
12 940
16 940
24 940
28 940
36 940
40 940
48 940
52 940
60 940
64 940
72 940
76 940
84 940
88 940
96 940
100 940
108 940
112 940
120 940
124 940
132 940
136 940
144 940
148 940
156 940
160 940
168 940
172 940
180 940
184 940
192 940
196 940
204 940
208 940
216 940
220 940
228 940
232 940
240 940
244 940
252 940
256 940
264 940
268 940
276 940
280 940
288 940
292 940
300 940
304 940
312 940
316 940
324 940
328 940
336 940
340 940
348 940
352 940
360 940
364 940
372 940
376 940
384 940
388 940
396 940
400 940
408 940
412 940
420 940
424 940
432 940
436 940
444 940
448 940
456 940
460 940
468 940
472 940
480 940
484 940
492 940
496 940
504 940
508 940
516 940
520 940
528 940
532 940
540 940
544 940
552 940
556 940
564 940
568 940
576 940
580 940
588 940
592 940
0 950
4 950
12 950
16 950
24 950
28 950
36 950
40 950
48 950
52 950
60 950
64 950
72 950
76 950
84 950
88 950
96 950
100 950
108 950
112 950
120 950
124 950
132 950
136 950
144 950
148 950
156 950
160 950
168 950
172 950
180 950
184 950
192 950
196 950
204 950
208 950
216 950
220 950
228 950
232 950
240 950
244 950
252 950
256 950
264 950
268 950
276 950
280 950
288 950
292 950
300 950
304 950
312 950
316 950
324 950
328 950
336 950
340 950
348 950
352 950
360 950
364 950
372 950
376 950
384 950
388 950
396 950
400 950
408 950
412 950
420 950
424 950
432 950
436 950
444 950
448 950
456 950
460 950
468 950
472 950
480 950
484 950
492 950
496 950
504 950
508 950
516 950
520 950
528 950
532 950
540 950
544 950
552 950
556 950
564 950
568 950
576 950
580 950
588 950
592 950
0 960
4 960
12 960
16 960
24 960
28 960
36 960
40 960
48 960
52 960
60 960
64 960
72 960
76 960
84 960
88 960
96 960
100 960
108 960
112 960
120 960
124 960
132 960
136 960
144 960
148 960
156 960
160 960
168 960
172 960
180 960
184 960
192 960
196 960
204 960
208 960
216 960
220 960
228 960
232 960
240 960
244 960
252 960
256 960
264 960
268 960
276 960
280 960
288 960
292 960
300 960
304 960
312 960
316 960
324 960
328 960
336 960
340 960
348 960
352 960
360 960
364 960
372 960
376 960
384 960
388 960
396 960
400 960
408 960
412 960
420 960
424 960
432 960
436 960
444 960
448 960
456 960
460 960
468 960
472 960
480 960
484 960
492 960
496 960
504 960
508 960
516 960
520 960
528 960
532 960
540 960
544 960
552 960
556 960
564 960
568 960
576 960
580 960
588 960
592 960
0 970
4 970
12 970
16 970
24 970
28 970
36 970
40 970
48 970
52 970
60 970
64 970
72 970
76 970
84 970
88 970
96 970
100 970
108 970
112 970
120 970
124 970
132 970
136 970
144 970
148 970
156 970
160 970
168 970
172 970
180 970
184 970
192 970
196 970
204 970
208 970
216 970
220 970
228 970
232 970
240 970
244 970
252 970
256 970
264 970
268 970
276 970
280 970
288 970
292 970
300 970
304 970
312 970
316 970
324 970
328 970
336 970
340 970
348 970
352 970
360 970
364 970
372 970
376 970
384 970
388 970
396 970
400 970
408 970
412 970
420 970
424 970
432 970
436 970
444 970
448 970
456 970
460 970
468 970
472 970
480 970
484 970
492 970
496 970
504 970
508 970
516 970
520 970
528 970
532 970
540 970
544 970
552 970
556 970
564 970
568 970
576 970
580 970
588 970
592 970
0 980
4 980
12 980
16 980
24 980
28 980
36 980
40 980
48 980
52 980
60 980
64 980
72 980
76 980
84 980
88 980
96 980
100 980
108 980
112 980
120 980
124 980
132 980
136 980
144 980
148 980
156 980
160 980
168 980
172 980
180 980
184 980
192 980
196 980
204 980
208 980
216 980
220 980
228 980
232 980
240 980
244 980
252 980
256 980
264 980
268 980
276 980
280 980
288 980
292 980
300 980
304 980
312 980
316 980
324 980
328 980
336 980
340 980
348 980
352 980
360 980
364 980
372 980
376 980
384 980
388 980
396 980
400 980
408 980
412 980
420 980
424 980
432 980
436 980
444 980
448 980
456 980
460 980
468 980
472 980
480 980
484 980
492 980
496 980
504 980
508 980
516 980
520 980
528 980
532 980
540 980
544 980
552 980
556 980
564 980
568 980
576 980
580 980
588 980
592 980
0 990
4 990
12 990
16 990
24 990
28 990
36 990
40 990
48 990
52 990
60 990
64 990
72 990
76 990
84 990
88 990
96 990
100 990
108 990
112 990
120 990
124 990
132 990
136 990
144 990
148 990
156 990
160 990
168 990
172 990
180 990
184 990
192 990
196 990
204 990
208 990
216 990
220 990
228 990
232 990
240 990
244 990
252 990
256 990
264 990
268 990
276 990
280 990
288 990
292 990
300 990
304 990
312 990
316 990
324 990
328 990
336 990
340 990
348 990
352 990
360 990
364 990
372 990
376 990
384 990
388 990
396 990
400 990
408 990
412 990
420 990
424 990
432 990
436 990
444 990
448 990
456 990
460 990
468 990
472 990
480 990
484 990
492 990
496 990
504 990
508 990
516 990
520 990
528 990
532 990
540 990
544 990
552 990
556 990
564 990
568 990
576 990
580 990
588 990
592 990
