0 0
5 0
15 0
25 0
35 0
45 0
55 0
65 0
75 0
85 0
95 0
105 0
115 0
125 0
135 0
145 0
155 0
165 0
175 0
185 0
195 0
205 0
215 0
225 0
235 0
245 0
255 0
265 0
275 0
285 0
295 0
305 0
315 0
325 0
335 0
345 0
355 0
365 0
375 0
385 0
395 0
405 0
415 0
425 0
435 0
445 0
455 0
465 0
475 0
485 0
495 0
505 0
515 0
525 0
535 0
545 0
555 0
565 0
575 0
585 0
595 0
605 0
615 0
625 0
635 0
645 0
655 0
665 0
675 0
685 0
695 0
705 0
715 0
725 0
735 0
745 0
755 0
765 0
775 0
785 0
795 0
805 0
815 0
825 0
835 0
845 0
855 0
865 0
875 0
885 0
895 0
905 0
915 0
925 0
935 0
945 0
955 0
965 0
975 0
985 0
995 10
0 10
10 10
20 10
30 10
40 10
50 10
60 10
70 10
80 10
90 10
100 10
110 10
120 10
130 10
140 10
150 10
160 10
170 10
180 10
190 10
200 10
210 10
220 10
230 10
240 10
250 10
260 10
270 10
280 10
290 10
300 10
310 10
320 10
330 10
340 10
350 10
360 10
370 10
380 10
390 10
400 10
410 10
420 10
430 10
440 10
450 10
460 10
470 10
480 10
490 10
500 10
510 10
520 10
530 10
540 10
550 10
560 10
570 10
580 10
590 10
600 10
610 10
620 10
630 10
640 10
650 10
660 10
670 10
680 10
690 10
700 10
710 10
720 10
730 10
740 10
750 10
760 10
770 10
780 10
790 10
800 10
810 10
820 10
830 10
840 10
850 10
860 10
870 10
880 10
890 10
900 10
910 10
920 10
930 10
940 10
950 10
960 10
970 10
980 10
990 20
5 20
15 20
25 20
35 20
45 20
55 20
65 20
75 20
85 20
95 20
105 20
115 20
125 20
135 20
145 20
155 20
165 20
175 20
185 20
195 20
205 20
215 20
225 20
235 20
245 20
255 20
265 20
275 20
285 20
295 20
305 20
315 20
325 20
335 20
345 20
355 20
365 20
375 20
385 20
395 20
405 20
415 20
425 20
435 20
445 20
455 20
465 20
475 20
485 20
495 20
505 20
515 20
525 20
535 20
545 20
555 20
565 20
575 20
585 20
595 20
605 20
615 20
625 20
635 20
645 20
655 20
665 20
675 20
685 20
695 20
705 20
715 20
725 20
735 20
745 20
755 20
765 20
775 20
785 20
795 20
805 20
815 20
825 20
835 20
845 20
855 20
865 20
875 20
885 20
895 20
905 20
915 20
925 20
935 20
945 20
955 20
965 20
975 20
985 20
995 30
0 30
10 30
20 30
30 30
40 30
50 30
60 30
70 30
80 30
90 30
100 30
110 30
120 30
130 30
140 30
150 30
160 30
170 30
180 30
190 30
200 30
210 30
220 30
230 30
240 30
250 30
260 30
270 30
280 30
290 30
300 30
310 30
320 30
330 30
340 30
350 30
360 30
370 30
380 30
390 30
400 30
410 30
420 30
430 30
440 30
450 30
460 30
470 30
480 30
490 30
500 30
510 30
520 30
530 30
540 30
550 30
560 30
570 30
580 30
590 30
600 30
610 30
620 30
630 30
640 30
650 30
660 30
670 30
680 30
690 30
700 30
710 30
720 30
730 30
740 30
750 30
760 30
770 30
780 30
790 30
800 30
810 30
820 30
830 30
840 30
850 30
860 30
870 30
880 30
890 30
900 30
910 30
920 30
930 30
940 30
950 30
960 30
970 30
980 30
990 40
5 40
15 40
25 40
35 40
45 40
55 40
65 40
75 40
85 40
95 40
105 40
115 40
125 40
135 40
145 40
155 40
165 40
175 40
185 40
195 40
205 40
215 40
225 40
235 40
245 40
255 40
265 40
275 40
285 40
295 40
305 40
315 40
325 40
335 40
345 40
355 40
365 40
375 40
385 40
395 40
405 40
415 40
425 40
435 40
445 40
455 40
465 40
475 40
485 40
495 40
505 40
515 40
525 40
535 40
545 40
555 40
565 40
575 40
585 40
595 40
605 40
615 40
625 40
635 40
645 40
655 40
665 40
675 40
685 40
695 40
705 40
715 40
725 40
735 40
745 40
755 40
765 40
775 40
785 40
795 40
805 40
815 40
825 40
835 40
845 40
855 40
865 40
875 40
885 40
895 40
905 40
915 40
925 40
935 40
945 40
955 40
965 40
975 40
985 40
995 50
0 50
10 50
20 50
30 50
40 50
50 50
60 50
70 50
80 50
90 50
100 50
110 50
120 50
130 50
140 50
150 50
160 50
170 50
180 50
190 50
200 50
210 50
220 50
230 50
240 50
250 50
260 50
270 50
280 50
290 50
300 50
310 50
320 50
330 50
340 50
350 50
360 50
370 50
380 50
390 50
400 50
410 50
420 50
430 50
440 50
450 50
460 50
470 50
480 50
490 50
500 50
510 50
520 50
530 50
540 50
550 50
560 50
570 50
580 50
590 50
600 50
610 50
620 50
630 50
640 50
650 50
660 50
670 50
680 50
690 50
700 50
710 50
720 50
730 50
740 50
750 50
760 50
770 50
780 50
790 50
800 50
810 50
820 50
830 50
840 50
850 50
860 50
870 50
880 50
890 50
900 50
910 50
920 50
930 50
940 50
950 50
960 50
970 50
980 50
990 60
5 60
15 60
25 60
35 60
45 60
55 60
65 60
75 60
85 60
95 60
105 60
115 60
125 60
135 60
145 60
155 60
165 60
175 60
185 60
195 60
205 60
215 60
225 60
235 60
245 60
255 60
265 60
275 60
285 60
295 60
305 60
315 60
325 60
335 60
345 60
355 60
365 60
375 60
385 60
395 60
405 60
415 60
425 60
435 60
445 60
455 60
465 60
475 60
485 60
495 60
505 60
515 60
525 60
535 60
545 60
555 60
565 60
575 60
585 60
595 60
605 60
615 60
625 60
635 60
645 60
655 60
665 60
675 60
685 60
695 60
705 60
715 60
725 60
735 60
745 60
755 60
765 60
775 60
785 60
795 60
805 60
815 60
825 60
835 60
845 60
855 60
865 60
875 60
885 60
895 60
905 60
915 60
925 60
935 60
945 60
955 60
965 60
975 60
985 60
995 70
0 70
10 70
20 70
30 70
40 70
50 70
60 70
70 70
80 70
90 70
100 70
110 70
120 70
130 70
140 70
150 70
160 70
170 70
180 70
190 70
200 70
210 70
220 70
230 70
240 70
250 70
260 70
270 70
280 70
290 70
300 70
310 70
320 70
330 70
340 70
350 70
360 70
370 70
380 70
390 70
400 70
410 70
420 70
430 70
440 70
450 70
460 70
470 70
480 70
490 70
500 70
510 70
520 70
530 70
540 70
550 70
560 70
570 70
580 70
590 70
600 70
610 70
620 70
630 70
640 70
650 70
660 70
670 70
680 70
690 70
700 70
710 70
720 70
730 70
740 70
750 70
760 70
770 70
780 70
790 70
800 70
810 70
820 70
830 70
840 70
850 70
860 70
870 70
880 70
890 70
900 70
910 70
920 70
930 70
940 70
950 70
960 70
970 70
980 70
990 80
5 80
15 80
25 80
35 80
45 80
55 80
65 80
75 80
85 80
95 80
105 80
115 80
125 80
135 80
145 80
155 80
165 80
175 80
185 80
195 80
205 80
215 80
225 80
235 80
245 80
255 80
265 80
275 80
285 80
295 80
305 80
315 80
325 80
335 80
345 80
355 80
365 80
375 80
385 80
395 80
405 80
415 80
425 80
435 80
445 80
455 80
465 80
475 80
485 80
495 80
505 80
515 80
525 80
535 80
545 80
555 80
565 80
575 80
585 80
595 80
605 80
615 80
625 80
635 80
645 80
655 80
665 80
675 80
685 80
695 80
705 80
715 80
725 80
735 80
745 80
755 80
765 80
775 80
785 80
795 80
805 80
815 80
825 80
835 80
845 80
855 80
865 80
875 80
885 80
895 80
905 80
915 80
925 80
935 80
945 80
955 80
965 80
975 80
985 80
995 90
0 90
10 90
20 90
30 90
40 90
50 90
60 90
70 90
80 90
90 90
100 90
110 90
120 90
130 90
140 90
150 90
160 90
170 90
180 90
190 90
200 90
210 90
220 90
230 90
240 90
250 90
260 90
270 90
280 90
290 90
300 90
310 90
320 90
330 90
340 90
350 90
360 90
370 90
380 90
390 90
400 90
410 90
420 90
430 90
440 90
450 90
460 90
470 90
480 90
490 90
500 90
510 90
520 90
530 90
540 90
550 90
560 90
570 90
580 90
590 90
600 90
610 90
620 90
630 90
640 90
650 90
660 90
670 90
680 90
690 90
700 90
710 90
720 90
730 90
740 90
750 90
760 90
770 90
780 90
790 90
800 90
810 90
820 90
830 90
840 90
850 90
860 90
870 90
880 90
890 90
900 90
910 90
920 90
930 90
940 90
950 90
960 90
970 90
980 90
990 100
5 100
15 100
25 100
35 100
45 100
55 100
65 100
75 100
85 100
95 100
105 100
115 100
125 100
135 100
145 100
155 100
165 100
175 100
185 100
195 100
205 100
215 100
225 100
235 100
245 100
255 100
265 100
275 100
285 100
295 100
305 100
315 100
325 100
335 100
345 100
355 100
365 100
375 100
385 100
395 100
405 100
415 100
425 100
435 100
445 100
455 100
465 100
475 100
485 100
495 100
505 100
515 100
525 100
535 100
545 100
555 100
565 100
575 100
585 100
595 100
605 100
615 100
625 100
635 100
645 100
655 100
665 100
675 100
685 100
695 100
705 100
715 100
725 100
735 100
745 100
755 100
765 100
775 100
785 100
795 100
805 100
815 100
825 100
835 100
845 100
855 100
865 100
875 100
885 100
895 100
905 100
915 100
925 100
935 100
945 100
955 100
965 100
975 100
985 100
995 110
0 110
10 110
20 110
30 110
40 110
50 110
60 110
70 110
80 110
90 110
100 110
110 110
120 110
130 110
140 110
150 110
160 110
170 110
180 110
190 110
200 110
210 110
220 110
230 110
240 110
250 110
260 110
270 110
280 110
290 110
300 110
310 110
320 110
330 110
340 110
350 110
360 110
370 110
380 110
390 110
400 110
410 110
420 110
430 110
440 110
450 110
460 110
470 110
480 110
490 110
500 110
510 110
520 110
530 110
540 110
550 110
560 110
570 110
580 110
590 110
600 110
610 110
620 110
630 110
640 110
650 110
660 110
670 110
680 110
690 110
700 110
710 110
720 110
730 110
740 110
750 110
760 110
770 110
780 110
790 110
800 110
810 110
820 110
830 110
840 110
850 110
860 110
870 110
880 110
890 110
900 110
910 110
920 110
930 110
940 110
950 110
960 110
970 110
980 110
990 120
5 120
15 120
25 120
35 120
45 120
55 120
65 120
75 120
85 120
95 120
105 120
115 120
125 120
135 120
145 120
155 120
165 120
175 120
185 120
195 120
205 120
215 120
225 120
235 120
245 120
255 120
265 120
275 120
285 120
295 120
305 120
315 120
325 120
335 120
345 120
355 120
365 120
375 120
385 120
395 120
405 120
415 120
425 120
435 120
445 120
455 120
465 120
475 120
485 120
495 120
505 120
515 120
525 120
535 120
545 120
555 120
565 120
575 120
585 120
595 120
605 120
615 120
625 120
635 120
645 120
655 120
665 120
675 120
685 120
695 120
705 120
715 120
725 120
735 120
745 120
755 120
765 120
775 120
785 120
795 120
805 120
815 120
825 120
835 120
845 120
855 120
865 120
875 120
885 120
895 120
905 120
915 120
925 120
935 120
945 120
955 120
965 120
975 120
985 120
995 130
0 130
10 130
20 130
30 130
40 130
50 130
60 130
70 130
80 130
90 130
100 130
110 130
120 130
130 130
140 130
150 130
160 130
170 130
180 130
190 130
200 130
210 130
220 130
230 130
240 130
250 130
260 130
270 130
280 130
290 130
300 130
310 130
320 130
330 130
340 130
350 130
360 130
370 130
380 130
390 130
400 130
410 130
420 130
430 130
440 130
450 130
460 130
470 130
480 130
490 130
500 130
510 130
520 130
530 130
540 130
550 130
560 130
570 130
580 130
590 130
600 130
610 130
620 130
630 130
640 130
650 130
660 130
670 130
680 130
690 130
700 130
710 130
720 130
730 130
740 130
750 130
760 130
770 130
780 130
790 130
800 130
810 130
820 130
830 130
840 130
850 130
860 130
870 130
880 130
890 130
900 130
910 130
920 130
930 130
940 130
950 130
960 130
970 130
980 130
990 140
5 140
15 140
25 140
35 140
45 140
55 140
65 140
75 140
85 140
95 140
105 140
115 140
125 140
135 140
145 140
155 140
165 140
175 140
185 140
195 140
205 140
215 140
225 140
235 140
245 140
255 140
265 140
275 140
285 140
295 140
305 140
315 140
325 140
335 140
345 140
355 140
365 140
375 140
385 140
395 140
405 140
415 140
425 140
435 140
445 140
455 140
465 140
475 140
485 140
495 140
505 140
515 140
525 140
535 140
545 140
555 140
565 140
575 140
585 140
595 140
605 140
615 140
625 140
635 140
645 140
655 140
665 140
675 140
685 140
695 140
705 140
715 140
725 140
735 140
745 140
755 140
765 140
775 140
785 140
795 140
805 140
815 140
825 140
835 140
845 140
855 140
865 140
875 140
885 140
895 140
905 140
915 140
925 140
935 140
945 140
955 140
965 140
975 140
985 140
995 150
0 150
10 150
20 150
30 150
40 150
50 150
60 150
70 150
80 150
90 150
100 150
110 150
120 150
130 150
140 150
150 150
160 150
170 150
180 150
190 150
200 150
210 150
220 150
230 150
240 150
250 150
260 150
270 150
280 150
290 150
300 150
310 150
320 150
330 150
340 150
350 150
360 150
370 150
380 150
390 150
400 150
410 150
420 150
430 150
440 150
450 150
460 150
470 150
480 150
490 150
500 150
510 150
520 150
530 150
540 150
550 150
560 150
570 150
580 150
590 150
600 150
610 150
620 150
630 150
640 150
650 150
660 150
670 150
680 150
690 150
700 150
710 150
720 150
730 150
740 150
750 150
760 150
770 150
780 150
790 150
800 150
810 150
820 150
830 150
840 150
850 150
860 150
870 150
880 150
890 150
900 150
910 150
920 150
930 150
940 150
950 150
960 150
970 150
980 150
990 160
5 160
15 160
25 160
35 160
45 160
55 160
65 160
75 160
85 160
95 160
105 160
115 160
125 160
135 160
145 160
155 160
165 160
175 160
185 160
195 160
205 160
215 160
225 160
235 160
245 160
255 160
265 160
275 160
285 160
295 160
305 160
315 160
325 160
335 160
345 160
355 160
365 160
375 160
385 160
395 160
405 160
415 160
425 160
435 160
445 160
455 160
465 160
475 160
485 160
495 160
505 160
515 160
525 160
535 160
545 160
555 160
565 160
575 160
585 160
595 160
605 160
615 160
625 160
635 160
645 160
655 160
665 160
675 160
685 160
695 160
705 160
715 160
725 160
735 160
745 160
755 160
765 160
775 160
785 160
795 160
805 160
815 160
825 160
835 160
845 160
855 160
865 160
875 160
885 160
895 160
905 160
915 160
925 160
935 160
945 160
955 160
965 160
975 160
985 160
995 170
0 170
10 170
20 170
30 170
40 170
50 170
60 170
70 170
80 170
90 170
100 170
110 170
120 170
130 170
140 170
150 170
160 170
170 170
180 170
190 170
200 170
210 170
220 170
230 170
240 170
250 170
260 170
270 170
280 170
290 170
300 170
310 170
320 170
330 170
340 170
350 170
360 170
370 170
380 170
390 170
400 170
410 170
420 170
430 170
440 170
450 170
460 170
470 170
480 170
490 170
500 170
510 170
520 170
530 170
540 170
550 170
560 170
570 170
580 170
590 170
600 170
610 170
620 170
630 170
640 170
650 170
660 170
670 170
680 170
690 170
700 170
710 170
720 170
730 170
740 170
750 170
760 170
770 170
780 170
790 170
800 170
810 170
820 170
830 170
840 170
850 170
860 170
870 170
880 170
890 170
900 170
910 170
920 170
930 170
940 170
950 170
960 170
970 170
980 170
990 180
5 180
15 180
25 180
35 180
45 180
55 180
65 180
75 180
85 180
95 180
105 180
115 180
125 180
135 180
145 180
155 180
165 180
175 180
185 180
195 180
205 180
215 180
225 180
235 180
245 180
255 180
265 180
275 180
285 180
295 180
305 180
315 180
325 180
335 180
345 180
355 180
365 180
375 180
385 180
395 180
405 180
415 180
425 180
435 180
445 180
455 180
465 180
475 180
485 180
495 180
505 180
515 180
525 180
535 180
545 180
555 180
565 180
575 180
585 180
595 180
605 180
615 180
625 180
635 180
645 180
655 180
665 180
675 180
685 180
695 180
705 180
715 180
725 180
735 180
745 180
755 180
765 180
775 180
785 180
795 180
805 180
815 180
825 180
835 180
845 180
855 180
865 180
875 180
885 180
895 180
905 180
915 180
925 180
935 180
945 180
955 180
965 180
975 180
985 180
995 190
0 190
10 190
20 190
30 190
40 190
50 190
60 190
70 190
80 190
90 190
100 190
110 190
120 190
130 190
140 190
150 190
160 190
170 190
180 190
190 190
200 190
210 190
220 190
230 190
240 190
250 190
260 190
270 190
280 190
290 190
300 190
310 190
320 190
330 190
340 190
350 190
360 190
370 190
380 190
390 190
400 190
410 190
420 190
430 190
440 190
450 190
460 190
470 190
480 190
490 190
500 190
510 190
520 190
530 190
540 190
550 190
560 190
570 190
580 190
590 190
600 190
610 190
620 190
630 190
640 190
650 190
660 190
670 190
680 190
690 190
700 190
710 190
720 190
730 190
740 190
750 190
760 190
770 190
780 190
790 190
800 190
810 190
820 190
830 190
840 190
850 190
860 190
870 190
880 190
890 190
900 190
910 190
920 190
930 190
940 190
950 190
960 190
970 190
980 190
990 200
5 200
15 200
25 200
35 200
45 200
55 200
65 200
75 200
85 200
95 200
105 200
115 200
125 200
135 200
145 200
155 200
165 200
175 200
185 200
195 200
205 200
215 200
225 200
235 200
245 200
255 200
265 200
275 200
285 200
295 200
305 200
315 200
325 200
335 200
345 200
355 200
365 200
375 200
385 200
395 200
405 200
415 200
425 200
435 200
445 200
455 200
465 200
475 200
485 200
495 200
505 200
515 200
525 200
535 200
545 200
555 200
565 200
575 200
585 200
595 200
605 200
615 200
625 200
635 200
645 200
655 200
665 200
675 200
685 200
695 200
705 200
715 200
725 200
735 200
745 200
755 200
765 200
775 200
785 200
795 200
805 200
815 200
825 200
835 200
845 200
855 200
865 200
875 200
885 200
895 200
905 200
915 200
925 200
935 200
945 200
955 200
965 200
975 200
985 200
995 210
0 210
10 210
20 210
30 210
40 210
50 210
60 210
70 210
80 210
90 210
100 210
110 210
120 210
130 210
140 210
150 210
160 210
170 210
180 210
190 210
200 210
210 210
220 210
230 210
240 210
250 210
260 210
270 210
280 210
290 210
300 210
310 210
320 210
330 210
340 210
350 210
360 210
370 210
380 210
390 210
400 210
410 210
420 210
430 210
440 210
450 210
460 210
470 210
480 210
490 210
500 210
510 210
520 210
530 210
540 210
550 210
560 210
570 210
580 210
590 210
600 210
610 210
620 210
630 210
640 210
650 210
660 210
670 210
680 210
690 210
700 210
710 210
720 210
730 210
740 210
750 210
760 210
770 210
780 210
790 210
800 210
810 210
820 210
830 210
840 210
850 210
860 210
870 210
880 210
890 210
900 210
910 210
920 210
930 210
940 210
950 210
960 210
970 210
980 210
990 220
5 220
15 220
25 220
35 220
45 220
55 220
65 220
75 220
85 220
95 220
105 220
115 220
125 220
135 220
145 220
155 220
165 220
175 220
185 220
195 220
205 220
215 220
225 220
235 220
245 220
255 220
265 220
275 220
285 220
295 220
305 220
315 220
325 220
335 220
345 220
355 220
365 220
375 220
385 220
395 220
405 220
415 220
425 220
435 220
445 220
455 220
465 220
475 220
485 220
495 220
505 220
515 220
525 220
535 220
545 220
555 220
565 220
575 220
585 220
595 220
605 220
615 220
625 220
635 220
645 220
655 220
665 220
675 220
685 220
695 220
705 220
715 220
725 220
735 220
745 220
755 220
765 220
775 220
785 220
795 220
805 220
815 220
825 220
835 220
845 220
855 220
865 220
875 220
885 220
895 220
905 220
915 220
925 220
935 220
945 220
955 220
965 220
975 220
985 220
995 230
0 230
10 230
20 230
30 230
40 230
50 230
60 230
70 230
80 230
90 230
100 230
110 230
120 230
130 230
140 230
150 230
160 230
170 230
180 230
190 230
200 230
210 230
220 230
230 230
240 230
250 230
260 230
270 230
280 230
290 230
300 230
310 230
320 230
330 230
340 230
350 230
360 230
370 230
380 230
390 230
400 230
410 230
420 230
430 230
440 230
450 230
460 230
470 230
480 230
490 230
500 230
510 230
520 230
530 230
540 230
550 230
560 230
570 230
580 230
590 230
600 230
610 230
620 230
630 230
640 230
650 230
660 230
670 230
680 230
690 230
700 230
710 230
720 230
730 230
740 230
750 230
760 230
770 230
780 230
790 230
800 230
810 230
820 230
830 230
840 230
850 230
860 230
870 230
880 230
890 230
900 230
910 230
920 230
930 230
940 230
950 230
960 230
970 230
980 230
990 240
5 240
15 240
25 240
35 240
45 240
55 240
65 240
75 240
85 240
95 240
105 240
115 240
125 240
135 240
145 240
155 240
165 240
175 240
185 240
195 240
205 240
215 240
225 240
235 240
245 240
255 240
265 240
275 240
285 240
295 240
305 240
315 240
325 240
335 240
345 240
355 240
365 240
375 240
385 240
395 240
405 240
415 240
425 240
435 240
445 240
455 240
465 240
475 240
485 240
495 240
505 240
515 240
525 240
535 240
545 240
555 240
565 240
575 240
585 240
595 240
605 240
615 240
625 240
635 240
645 240
655 240
665 240
675 240
685 240
695 240
705 240
715 240
725 240
735 240
745 240
755 240
765 240
775 240
785 240
795 240
805 240
815 240
825 240
835 240
845 240
855 240
865 240
875 240
885 240
895 240
905 240
915 240
925 240
935 240
945 240
955 240
965 240
975 240
985 240
995 250
0 250
10 250
20 250
30 250
40 250
50 250
60 250
70 250
80 250
90 250
100 250
110 250
120 250
130 250
140 250
150 250
160 250
170 250
180 250
190 250
200 250
210 250
220 250
230 250
240 250
250 250
260 250
270 250
280 250
290 250
300 250
310 250
320 250
330 250
340 250
350 250
360 250
370 250
380 250
390 250
400 250
410 250
420 250
430 250
440 250
450 250
460 250
470 250
480 250
490 250
500 250
510 250
520 250
530 250
540 250
550 250
560 250
570 250
580 250
590 250
600 250
610 250
620 250
630 250
640 250
650 250
660 250
670 250
680 250
690 250
700 250
710 250
720 250
730 250
740 250
750 250
760 250
770 250
780 250
790 250
800 250
810 250
820 250
830 250
840 250
850 250
860 250
870 250
880 250
890 250
900 250
910 250
920 250
930 250
940 250
950 250
960 250
970 250
980 250
990 260
5 260
15 260
25 260
35 260
45 260
55 260
65 260
75 260
85 260
95 260
105 260
115 260
125 260
135 260
145 260
155 260
165 260
175 260
185 260
195 260
205 260
215 260
225 260
235 260
245 260
255 260
265 260
275 260
285 260
295 260
305 260
315 260
325 260
335 260
345 260
355 260
365 260
375 260
385 260
395 260
405 260
415 260
425 260
435 260
445 260
455 260
465 260
475 260
485 260
495 260
505 260
515 260
525 260
535 260
545 260
555 260
565 260
575 260
585 260
595 260
605 260
615 260
625 260
635 260
645 260
655 260
665 260
675 260
685 260
695 260
705 260
715 260
725 260
735 260
745 260
755 260
765 260
775 260
785 260
795 260
805 260
815 260
825 260
835 260
845 260
855 260
865 260
875 260
885 260
895 260
905 260
915 260
925 260
935 260
945 260
955 260
965 260
975 260
985 260
995 270
0 270
10 270
20 270
30 270
40 270
50 270
60 270
70 270
80 270
90 270
100 270
110 270
120 270
130 270
140 270
150 270
160 270
170 270
180 270
190 270
200 270
210 270
220 270
230 270
240 270
250 270
260 270
270 270
280 270
290 270
300 270
310 270
320 270
330 270
340 270
350 270
360 270
370 270
380 270
390 270
400 270
410 270
420 270
430 270
440 270
450 270
460 270
470 270
480 270
490 270
500 270
510 270
520 270
530 270
540 270
550 270
560 270
570 270
580 270
590 270
600 270
610 270
620 270
630 270
640 270
650 270
660 270
670 270
680 270
690 270
700 270
710 270
720 270
730 270
740 270
750 270
760 270
770 270
780 270
790 270
800 270
810 270
820 270
830 270
840 270
850 270
860 270
870 270
880 270
890 270
900 270
910 270
920 270
930 270
940 270
950 270
960 270
970 270
980 270
990 280
5 280
15 280
25 280
35 280
45 280
55 280
65 280
75 280
85 280
95 280
105 280
115 280
125 280
135 280
145 280
155 280
165 280
175 280
185 280
195 280
205 280
215 280
225 280
235 280
245 280
255 280
265 280
275 280
285 280
295 280
305 280
315 280
325 280
335 280
345 280
355 280
365 280
375 280
385 280
395 280
405 280
415 280
425 280
435 280
445 280
455 280
465 280
475 280
485 280
495 280
505 280
515 280
525 280
535 280
545 280
555 280
565 280
575 280
585 280
595 280
605 280
615 280
625 280
635 280
645 280
655 280
665 280
675 280
685 280
695 280
705 280
715 280
725 280
735 280
745 280
755 280
765 280
775 280
785 280
795 280
805 280
815 280
825 280
835 280
845 280
855 280
865 280
875 280
885 280
895 280
905 280
915 280
925 280
935 280
945 280
955 280
965 280
975 280
985 280
995 290
0 290
10 290
20 290
30 290
40 290
50 290
60 290
70 290
80 290
90 290
100 290
110 290
120 290
130 290
140 290
150 290
160 290
170 290
180 290
190 290
200 290
210 290
220 290
230 290
240 290
250 290
260 290
270 290
280 290
290 290
300 290
310 290
320 290
330 290
340 290
350 290
360 290
370 290
380 290
390 290
400 290
410 290
420 290
430 290
440 290
450 290
460 290
470 290
480 290
490 290
500 290
510 290
520 290
530 290
540 290
550 290
560 290
570 290
580 290
590 290
600 290
610 290
620 290
630 290
640 290
650 290
660 290
670 290
680 290
690 290
700 290
710 290
720 290
730 290
740 290
750 290
760 290
770 290
780 290
790 290
800 290
810 290
820 290
830 290
840 290
850 290
860 290
870 290
880 290
890 290
900 290
910 290
920 290
930 290
940 290
950 290
960 290
970 290
980 290
990 300
5 300
15 300
25 300
35 300
45 300
55 300
65 300
75 300
85 300
95 300
105 300
115 300
125 300
135 300
145 300
155 300
165 300
175 300
185 300
195 300
205 300
215 300
225 300
235 300
245 300
255 300
265 300
275 300
285 300
295 300
305 300
315 300
325 300
335 300
345 300
355 300
365 300
375 300
385 300
395 300
405 300
415 300
425 300
435 300
445 300
455 300
465 300
475 300
485 300
495 300
505 300
515 300
525 300
535 300
545 300
555 300
565 300
575 300
585 300
595 300
605 300
615 300
625 300
635 300
645 300
655 300
665 300
675 300
685 300
695 300
705 300
715 300
725 300
735 300
745 300
755 300
765 300
775 300
785 300
795 300
805 300
815 300
825 300
835 300
845 300
855 300
865 300
875 300
885 300
895 300
905 300
915 300
925 300
935 300
945 300
955 300
965 300
975 300
985 300
995 310
0 310
10 310
20 310
30 310
40 310
50 310
60 310
70 310
80 310
90 310
100 310
110 310
120 310
130 310
140 310
150 310
160 310
170 310
180 310
190 310
200 310
210 310
220 310
230 310
240 310
250 310
260 310
270 310
280 310
290 310
300 310
310 310
320 310
330 310
340 310
350 310
360 310
370 310
380 310
390 310
400 310
410 310
420 310
430 310
440 310
450 310
460 310
470 310
480 310
490 310
500 310
510 310
520 310
530 310
540 310
550 310
560 310
570 310
580 310
590 310
600 310
610 310
620 310
630 310
640 310
650 310
660 310
670 310
680 310
690 310
700 310
710 310
720 310
730 310
740 310
750 310
760 310
770 310
780 310
790 310
800 310
810 310
820 310
830 310
840 310
850 310
860 310
870 310
880 310
890 310
900 310
910 310
920 310
930 310
940 310
950 310
960 310
970 310
980 310
990 320
5 320
15 320
25 320
35 320
45 320
55 320
65 320
75 320
85 320
95 320
105 320
115 320
125 320
135 320
145 320
155 320
165 320
175 320
185 320
195 320
205 320
215 320
225 320
235 320
245 320
255 320
265 320
275 320
285 320
295 320
305 320
315 320
325 320
335 320
345 320
355 320
365 320
375 320
385 320
395 320
405 320
415 320
425 320
435 320
445 320
455 320
465 320
475 320
485 320
495 320
505 320
515 320
525 320
535 320
545 320
555 320
565 320
575 320
585 320
595 320
605 320
615 320
625 320
635 320
645 320
655 320
665 320
675 320
685 320
695 320
705 320
715 320
725 320
735 320
745 320
755 320
765 320
775 320
785 320
795 320
805 320
815 320
825 320
835 320
845 320
855 320
865 320
875 320
885 320
895 320
905 320
915 320
925 320
935 320
945 320
955 320
965 320
975 320
985 320
995 330
0 330
10 330
20 330
30 330
40 330
50 330
60 330
70 330
80 330
90 330
100 330
110 330
120 330
130 330
140 330
150 330
160 330
170 330
180 330
190 330
200 330
210 330
220 330
230 330
240 330
250 330
260 330
270 330
280 330
290 330
300 330
310 330
320 330
330 330
340 330
350 330
360 330
370 330
380 330
390 330
400 330
410 330
420 330
430 330
440 330
450 330
460 330
470 330
480 330
490 330
500 330
510 330
520 330
530 330
540 330
550 330
560 330
570 330
580 330
590 330
600 330
610 330
620 330
630 330
640 330
650 330
660 330
670 330
680 330
690 330
700 330
710 330
720 330
730 330
740 330
750 330
760 330
770 330
780 330
790 330
800 330
810 330
820 330
830 330
840 330
850 330
860 330
870 330
880 330
890 330
900 330
910 330
920 330
930 330
940 330
950 330
960 330
970 330
980 330
990 340
5 340
15 340
25 340
35 340
45 340
55 340
65 340
75 340
85 340
95 340
105 340
115 340
125 340
135 340
145 340
155 340
165 340
175 340
185 340
195 340
205 340
215 340
225 340
235 340
245 340
255 340
265 340
275 340
285 340
295 340
305 340
315 340
325 340
335 340
345 340
355 340
365 340
375 340
385 340
395 340
405 340
415 340
425 340
435 340
445 340
455 340
465 340
475 340
485 340
495 340
505 340
515 340
525 340
535 340
545 340
555 340
565 340
575 340
585 340
595 340
605 340
615 340
625 340
635 340
645 340
655 340
665 340
675 340
685 340
695 340
705 340
715 340
725 340
735 340
745 340
755 340
765 340
775 340
785 340
795 340
805 340
815 340
825 340
835 340
845 340
855 340
865 340
875 340
885 340
895 340
905 340
915 340
925 340
935 340
945 340
955 340
965 340
975 340
985 340
995 350
0 350
10 350
20 350
30 350
40 350
50 350
60 350
70 350
80 350
90 350
100 350
110 350
120 350
130 350
140 350
150 350
160 350
170 350
180 350
190 350
200 350
210 350
220 350
230 350
240 350
250 350
260 350
270 350
280 350
290 350
300 350
310 350
320 350
330 350
340 350
350 350
360 350
370 350
380 350
390 350
400 350
410 350
420 350
430 350
440 350
450 350
460 350
470 350
480 350
490 350
500 350
510 350
520 350
530 350
540 350
550 350
560 350
570 350
580 350
590 350
600 350
610 350
620 350
630 350
640 350
650 350
660 350
670 350
680 350
690 350
700 350
710 350
720 350
730 350
740 350
750 350
760 350
770 350
780 350
790 350
800 350
810 350
820 350
830 350
840 350
850 350
860 350
870 350
880 350
890 350
900 350
910 350
920 350
930 350
940 350
950 350
960 350
970 350
980 350
990 360
5 360
15 360
25 360
35 360
45 360
55 360
65 360
75 360
85 360
95 360
105 360
115 360
125 360
135 360
145 360
155 360
165 360
175 360
185 360
195 360
205 360
215 360
225 360
235 360
245 360
255 360
265 360
275 360
285 360
295 360
305 360
315 360
325 360
335 360
345 360
355 360
365 360
375 360
385 360
395 360
405 360
415 360
425 360
435 360
445 360
455 360
465 360
475 360
485 360
495 360
505 360
515 360
525 360
535 360
545 360
555 360
565 360
575 360
585 360
595 360
605 360
615 360
625 360
635 360
645 360
655 360
665 360
675 360
685 360
695 360
705 360
715 360
725 360
735 360
745 360
755 360
765 360
775 360
785 360
795 360
805 360
815 360
825 360
835 360
845 360
855 360
865 360
875 360
885 360
895 360
905 360
915 360
925 360
935 360
945 360
955 360
965 360
975 360
985 360
995 370
0 370
10 370
20 370
30 370
40 370
50 370
60 370
70 370
80 370
90 370
100 370
110 370
120 370
130 370
140 370
150 370
160 370
170 370
180 370
190 370
200 370
210 370
220 370
230 370
240 370
250 370
260 370
270 370
280 370
290 370
300 370
310 370
320 370
330 370
340 370
350 370
360 370
370 370
380 370
390 370
400 370
410 370
420 370
430 370
440 370
450 370
460 370
470 370
480 370
490 370
500 370
510 370
520 370
530 370
540 370
550 370
560 370
570 370
580 370
590 370
600 370
610 370
620 370
630 370
640 370
650 370
660 370
670 370
680 370
690 370
700 370
710 370
720 370
730 370
740 370
750 370
760 370
770 370
780 370
790 370
800 370
810 370
820 370
830 370
840 370
850 370
860 370
870 370
880 370
890 370
900 370
910 370
920 370
930 370
940 370
950 370
960 370
970 370
980 370
990 380
5 380
15 380
25 380
35 380
45 380
55 380
65 380
75 380
85 380
95 380
105 380
115 380
125 380
135 380
145 380
155 380
165 380
175 380
185 380
195 380
205 380
215 380
225 380
235 380
245 380
255 380
265 380
275 380
285 380
295 380
305 380
315 380
325 380
335 380
345 380
355 380
365 380
375 380
385 380
395 380
405 380
415 380
425 380
435 380
445 380
455 380
465 380
475 380
485 380
495 380
505 380
515 380
525 380
535 380
545 380
555 380
565 380
575 380
585 380
595 380
605 380
615 380
625 380
635 380
645 380
655 380
665 380
675 380
685 380
695 380
705 380
715 380
725 380
735 380
745 380
755 380
765 380
775 380
785 380
795 380
805 380
815 380
825 380
835 380
845 380
855 380
865 380
875 380
885 380
895 380
905 380
915 380
925 380
935 380
945 380
955 380
965 380
975 380
985 380
995 390
0 390
10 390
20 390
30 390
40 390
50 390
60 390
70 390
80 390
90 390
100 390
110 390
120 390
130 390
140 390
150 390
160 390
170 390
180 390
190 390
200 390
210 390
220 390
230 390
240 390
250 390
260 390
270 390
280 390
290 390
300 390
310 390
320 390
330 390
340 390
350 390
360 390
370 390
380 390
390 390
400 390
410 390
420 390
430 390
440 390
450 390
460 390
470 390
480 390
490 390
500 390
510 390
520 390
530 390
540 390
550 390
560 390
570 390
580 390
590 390
600 390
610 390
620 390
630 390
640 390
650 390
660 390
670 390
680 390
690 390
700 390
710 390
720 390
730 390
740 390
750 390
760 390
770 390
780 390
790 390
800 390
810 390
820 390
830 390
840 390
850 390
860 390
870 390
880 390
890 390
900 390
910 390
920 390
930 390
940 390
950 390
960 390
970 390
980 390
990 400
5 400
15 400
25 400
35 400
45 400
55 400
65 400
75 400
85 400
95 400
105 400
115 400
125 400
135 400
145 400
155 400
165 400
175 400
185 400
195 400
205 400
215 400
225 400
235 400
245 400
255 400
265 400
275 400
285 400
295 400
305 400
315 400
325 400
335 400
345 400
355 400
365 400
375 400
385 400
395 400
405 400
415 400
425 400
435 400
445 400
455 400
465 400
475 400
485 400
495 400
505 400
515 400
525 400
535 400
545 400
555 400
565 400
575 400
585 400
595 400
605 400
615 400
625 400
635 400
645 400
655 400
665 400
675 400
685 400
695 400
705 400
715 400
725 400
735 400
745 400
755 400
765 400
775 400
785 400
795 400
805 400
815 400
825 400
835 400
845 400
855 400
865 400
875 400
885 400
895 400
905 400
915 400
925 400
935 400
945 400
955 400
965 400
975 400
985 400
995 410
0 410
10 410
20 410
30 410
40 410
50 410
60 410
70 410
80 410
90 410
100 410
110 410
120 410
130 410
140 410
150 410
160 410
170 410
180 410
190 410
200 410
210 410
220 410
230 410
240 410
250 410
260 410
270 410
280 410
290 410
300 410
310 410
320 410
330 410
340 410
350 410
360 410
370 410
380 410
390 410
400 410
410 410
420 410
430 410
440 410
450 410
460 410
470 410
480 410
490 410
500 410
510 410
520 410
530 410
540 410
550 410
560 410
570 410
580 410
590 410
600 410
610 410
620 410
630 410
640 410
650 410
660 410
670 410
680 410
690 410
700 410
710 410
720 410
730 410
740 410
750 410
760 410
770 410
780 410
790 410
800 410
810 410
820 410
830 410
840 410
850 410
860 410
870 410
880 410
890 410
900 410
910 410
920 410
930 410
940 410
950 410
960 410
970 410
980 410
990 420
5 420
15 420
25 420
35 420
45 420
55 420
65 420
75 420
85 420
95 420
105 420
115 420
125 420
135 420
145 420
155 420
165 420
175 420
185 420
195 420
205 420
215 420
225 420
235 420
245 420
255 420
265 420
275 420
285 420
295 420
305 420
315 420
325 420
335 420
345 420
355 420
365 420
375 420
385 420
395 420
405 420
415 420
425 420
435 420
445 420
455 420
465 420
475 420
485 420
495 420
505 420
515 420
525 420
535 420
545 420
555 420
565 420
575 420
585 420
595 420
605 420
615 420
625 420
635 420
645 420
655 420
665 420
675 420
685 420
695 420
705 420
715 420
725 420
735 420
745 420
755 420
765 420
775 420
785 420
795 420
805 420
815 420
825 420
835 420
845 420
855 420
865 420
875 420
885 420
895 420
905 420
915 420
925 420
935 420
945 420
955 420
965 420
975 420
985 420
995 430
0 430
10 430
20 430
30 430
40 430
50 430
60 430
70 430
80 430
90 430
100 430
110 430
120 430
130 430
140 430
150 430
160 430
170 430
180 430
190 430
200 430
210 430
220 430
230 430
240 430
250 430
260 430
270 430
280 430
290 430
300 430
310 430
320 430
330 430
340 430
350 430
360 430
370 430
380 430
390 430
400 430
410 430
420 430
430 430
440 430
450 430
460 430
470 430
480 430
490 430
500 430
510 430
520 430
530 430
540 430
550 430
560 430
570 430
580 430
590 430
600 430
610 430
620 430
630 430
640 430
650 430
660 430
670 430
680 430
690 430
700 430
710 430
720 430
730 430
740 430
750 430
760 430
770 430
780 430
790 430
800 430
810 430
820 430
830 430
840 430
850 430
860 430
870 430
880 430
890 430
900 430
910 430
920 430
930 430
940 430
950 430
960 430
970 430
980 430
990 440
5 440
15 440
25 440
35 440
45 440
55 440
65 440
75 440
85 440
95 440
105 440
115 440
125 440
135 440
145 440
155 440
165 440
175 440
185 440
195 440
205 440
215 440
225 440
235 440
245 440
255 440
265 440
275 440
285 440
295 440
305 440
315 440
325 440
335 440
345 440
355 440
365 440
375 440
385 440
395 440
405 440
415 440
425 440
435 440
445 440
455 440
465 440
475 440
485 440
495 440
505 440
515 440
525 440
535 440
545 440
555 440
565 440
575 440
585 440
595 440
605 440
615 440
625 440
635 440
645 440
655 440
665 440
675 440
685 440
695 440
705 440
715 440
725 440
735 440
745 440
755 440
765 440
775 440
785 440
795 440
805 440
815 440
825 440
835 440
845 440
855 440
865 440
875 440
885 440
895 440
905 440
915 440
925 440
935 440
945 440
955 440
965 440
975 440
985 440
995 450
0 450
10 450
20 450
30 450
40 450
50 450
60 450
70 450
80 450
90 450
100 450
110 450
120 450
130 450
140 450
150 450
160 450
170 450
180 450
190 450
200 450
210 450
220 450
230 450
240 450
250 450
260 450
270 450
280 450
290 450
300 450
310 450
320 450
330 450
340 450
350 450
360 450
370 450
380 450
390 450
400 450
410 450
420 450
430 450
440 450
450 450
460 450
470 450
480 450
490 450
500 450
510 450
520 450
530 450
540 450
550 450
560 450
570 450
580 450
590 450
600 450
610 450
620 450
630 450
640 450
650 450
660 450
670 450
680 450
690 450
700 450
710 450
720 450
730 450
740 450
750 450
760 450
770 450
780 450
790 450
800 450
810 450
820 450
830 450
840 450
850 450
860 450
870 450
880 450
890 450
900 450
910 450
920 450
930 450
940 450
950 450
960 450
970 450
980 450
990 460
5 460
15 460
25 460
35 460
45 460
55 460
65 460
75 460
85 460
95 460
105 460
115 460
125 460
135 460
145 460
155 460
165 460
175 460
185 460
195 460
205 460
215 460
225 460
235 460
245 460
255 460
265 460
275 460
285 460
295 460
305 460
315 460
325 460
335 460
345 460
355 460
365 460
375 460
385 460
395 460
405 460
415 460
425 460
435 460
445 460
455 460
465 460
475 460
485 460
495 460
505 460
515 460
525 460
535 460
545 460
555 460
565 460
575 460
585 460
595 460
605 460
615 460
625 460
635 460
645 460
655 460
665 460
675 460
685 460
695 460
705 460
715 460
725 460
735 460
745 460
755 460
765 460
775 460
785 460
795 460
805 460
815 460
825 460
835 460
845 460
855 460
865 460
875 460
885 460
895 460
905 460
915 460
925 460
935 460
945 460
955 460
965 460
975 460
985 460
995 470
0 470
10 470
20 470
30 470
40 470
50 470
60 470
70 470
80 470
90 470
100 470
110 470
120 470
130 470
140 470
150 470
160 470
170 470
180 470
190 470
200 470
210 470
220 470
230 470
240 470
250 470
260 470
270 470
280 470
290 470
300 470
310 470
320 470
330 470
340 470
350 470
360 470
370 470
380 470
390 470
400 470
410 470
420 470
430 470
440 470
450 470
460 470
470 470
480 470
490 470
500 470
510 470
520 470
530 470
540 470
550 470
560 470
570 470
580 470
590 470
600 470
610 470
620 470
630 470
640 470
650 470
660 470
670 470
680 470
690 470
700 470
710 470
720 470
730 470
740 470
750 470
760 470
770 470
780 470
790 470
800 470
810 470
820 470
830 470
840 470
850 470
860 470
870 470
880 470
890 470
900 470
910 470
920 470
930 470
940 470
950 470
960 470
970 470
980 470
990 480
5 480
15 480
25 480
35 480
45 480
55 480
65 480
75 480
85 480
95 480
105 480
115 480
125 480
135 480
145 480
155 480
165 480
175 480
185 480
195 480
205 480
215 480
225 480
235 480
245 480
255 480
265 480
275 480
285 480
295 480
305 480
315 480
325 480
335 480
345 480
355 480
365 480
375 480
385 480
395 480
405 480
415 480
425 480
435 480
445 480
455 480
465 480
475 480
485 480
495 480
505 480
515 480
525 480
535 480
545 480
555 480
565 480
575 480
585 480
595 480
605 480
615 480
625 480
635 480
645 480
655 480
665 480
675 480
685 480
695 480
705 480
715 480
725 480
735 480
745 480
755 480
765 480
775 480
785 480
795 480
805 480
815 480
825 480
835 480
845 480
855 480
865 480
875 480
885 480
895 480
905 480
915 480
925 480
935 480
945 480
955 480
965 480
975 480
985 480
995 490
0 490
10 490
20 490
30 490
40 490
50 490
60 490
70 490
80 490
90 490
100 490
110 490
120 490
130 490
140 490
150 490
160 490
170 490
180 490
190 490
200 490
210 490
220 490
230 490
240 490
250 490
260 490
270 490
280 490
290 490
300 490
310 490
320 490
330 490
340 490
350 490
360 490
370 490
380 490
390 490
400 490
410 490
420 490
430 490
440 490
450 490
460 490
470 490
480 490
490 490
500 490
510 490
520 490
530 490
540 490
550 490
560 490
570 490
580 490
590 490
600 490
610 490
620 490
630 490
640 490
650 490
660 490
670 490
680 490
690 490
700 490
710 490
720 490
730 490
740 490
750 490
760 490
770 490
780 490
790 490
800 490
810 490
820 490
830 490
840 490
850 490
860 490
870 490
880 490
890 490
900 490
910 490
920 490
930 490
940 490
950 490
960 490
970 490
980 490
990 500
5 500
15 500
25 500
35 500
45 500
55 500
65 500
75 500
85 500
95 500
105 500
115 500
125 500
135 500
145 500
155 500
165 500
175 500
185 500
195 500
205 500
215 500
225 500
235 500
245 500
255 500
265 500
275 500
285 500
295 500
305 500
315 500
325 500
335 500
345 500
355 500
365 500
375 500
385 500
395 500
405 500
415 500
425 500
435 500
445 500
455 500
465 500
475 500
485 500
495 500
505 500
515 500
525 500
535 500
545 500
555 500
565 500
575 500
585 500
595 500
605 500
615 500
625 500
635 500
645 500
655 500
665 500
675 500
685 500
695 500
705 500
715 500
725 500
735 500
745 500
755 500
765 500
775 500
785 500
795 500
805 500
815 500
825 500
835 500
845 500
855 500
865 500
875 500
885 500
895 500
905 500
915 500
925 500
935 500
945 500
955 500
965 500
975 500
985 500
995 510
0 510
10 510
20 510
30 510
40 510
50 510
60 510
70 510
80 510
90 510
100 510
110 510
120 510
130 510
140 510
150 510
160 510
170 510
180 510
190 510
200 510
210 510
220 510
230 510
240 510
250 510
260 510
270 510
280 510
290 510
300 510
310 510
320 510
330 510
340 510
350 510
360 510
370 510
380 510
390 510
400 510
410 510
420 510
430 510
440 510
450 510
460 510
470 510
480 510
490 510
500 510
510 510
520 510
530 510
540 510
550 510
560 510
570 510
580 510
590 510
600 510
610 510
620 510
630 510
640 510
650 510
660 510
670 510
680 510
690 510
700 510
710 510
720 510
730 510
740 510
750 510
760 510
770 510
780 510
790 510
800 510
810 510
820 510
830 510
840 510
850 510
860 510
870 510
880 510
890 510
900 510
910 510
920 510
930 510
940 510
950 510
960 510
970 510
980 510
990 520
5 520
15 520
25 520
35 520
45 520
55 520
65 520
75 520
85 520
95 520
105 520
115 520
125 520
135 520
145 520
155 520
165 520
175 520
185 520
195 520
205 520
215 520
225 520
235 520
245 520
255 520
265 520
275 520
285 520
295 520
305 520
315 520
325 520
335 520
345 520
355 520
365 520
375 520
385 520
395 520
405 520
415 520
425 520
435 520
445 520
455 520
465 520
475 520
485 520
495 520
505 520
515 520
525 520
535 520
545 520
555 520
565 520
575 520
585 520
595 520
605 520
615 520
625 520
635 520
645 520
655 520
665 520
675 520
685 520
695 520
705 520
715 520
725 520
735 520
745 520
755 520
765 520
775 520
785 520
795 520
805 520
815 520
825 520
835 520
845 520
855 520
865 520
875 520
885 520
895 520
905 520
915 520
925 520
935 520
945 520
955 520
965 520
975 520
985 520
995 530
0 530
10 530
20 530
30 530
40 530
50 530
60 530
70 530
80 530
90 530
100 530
110 530
120 530
130 530
140 530
150 530
160 530
170 530
180 530
190 530
200 530
210 530
220 530
230 530
240 530
250 530
260 530
270 530
280 530
290 530
300 530
310 530
320 530
330 530
340 530
350 530
360 530
370 530
380 530
390 530
400 530
410 530
420 530
430 530
440 530
450 530
460 530
470 530
480 530
490 530
500 530
510 530
520 530
530 530
540 530
550 530
560 530
570 530
580 530
590 530
600 530
610 530
620 530
630 530
640 530
650 530
660 530
670 530
680 530
690 530
700 530
710 530
720 530
730 530
740 530
750 530
760 530
770 530
780 530
790 530
800 530
810 530
820 530
830 530
840 530
850 530
860 530
870 530
880 530
890 530
900 530
910 530
920 530
930 530
940 530
950 530
960 530
970 530
980 530
990 540
5 540
15 540
25 540
35 540
45 540
55 540
65 540
75 540
85 540
95 540
105 540
115 540
125 540
135 540
145 540
155 540
165 540
175 540
185 540
195 540
205 540
215 540
225 540
235 540
245 540
255 540
265 540
275 540
285 540
295 540
305 540
315 540
325 540
335 540
345 540
355 540
365 540
375 540
385 540
395 540
405 540
415 540
425 540
435 540
445 540
455 540
465 540
475 540
485 540
495 540
505 540
515 540
525 540
535 540
545 540
555 540
565 540
575 540
585 540
595 540
605 540
615 540
625 540
635 540
645 540
655 540
665 540
675 540
685 540
695 540
705 540
715 540
725 540
735 540
745 540
755 540
765 540
775 540
785 540
795 540
805 540
815 540
825 540
835 540
845 540
855 540
865 540
875 540
885 540
895 540
905 540
915 540
925 540
935 540
945 540
955 540
965 540
975 540
985 540
995 550
0 550
10 550
20 550
30 550
40 550
50 550
60 550
70 550
80 550
90 550
100 550
110 550
120 550
130 550
140 550
150 550
160 550
170 550
180 550
190 550
200 550
210 550
220 550
230 550
240 550
250 550
260 550
270 550
280 550
290 550
300 550
310 550
320 550
330 550
340 550
350 550
360 550
370 550
380 550
390 550
400 550
410 550
420 550
430 550
440 550
450 550
460 550
470 550
480 550
490 550
500 550
510 550
520 550
530 550
540 550
550 550
560 550
570 550
580 550
590 550
600 550
610 550
620 550
630 550
640 550
650 550
660 550
670 550
680 550
690 550
700 550
710 550
720 550
730 550
740 550
750 550
760 550
770 550
780 550
790 550
800 550
810 550
820 550
830 550
840 550
850 550
860 550
870 550
880 550
890 550
900 550
910 550
920 550
930 550
940 550
950 550
960 550
970 550
980 550
990 560
5 560
15 560
25 560
35 560
45 560
55 560
65 560
75 560
85 560
95 560
105 560
115 560
125 560
135 560
145 560
155 560
165 560
175 560
185 560
195 560
205 560
215 560
225 560
235 560
245 560
255 560
265 560
275 560
285 560
295 560
305 560
315 560
325 560
335 560
345 560
355 560
365 560
375 560
385 560
395 560
405 560
415 560
425 560
435 560
445 560
455 560
465 560
475 560
485 560
495 560
505 560
515 560
525 560
535 560
545 560
555 560
565 560
575 560
585 560
595 560
605 560
615 560
625 560
635 560
645 560
655 560
665 560
675 560
685 560
695 560
705 560
715 560
725 560
735 560
745 560
755 560
765 560
775 560
785 560
795 560
805 560
815 560
825 560
835 560
845 560
855 560
865 560
875 560
885 560
895 560
905 560
915 560
925 560
935 560
945 560
955 560
965 560
975 560
985 560
995 570
0 570
10 570
20 570
30 570
40 570
50 570
60 570
70 570
80 570
90 570
100 570
110 570
120 570
130 570
140 570
150 570
160 570
170 570
180 570
190 570
200 570
210 570
220 570
230 570
240 570
250 570
260 570
270 570
280 570
290 570
300 570
310 570
320 570
330 570
340 570
350 570
360 570
370 570
380 570
390 570
400 570
410 570
420 570
430 570
440 570
450 570
460 570
470 570
480 570
490 570
500 570
510 570
520 570
530 570
540 570
550 570
560 570
570 570
580 570
590 570
600 570
610 570
620 570
630 570
640 570
650 570
660 570
670 570
680 570
690 570
700 570
710 570
720 570
730 570
740 570
750 570
760 570
770 570
780 570
790 570
800 570
810 570
820 570
830 570
840 570
850 570
860 570
870 570
880 570
890 570
900 570
910 570
920 570
930 570
940 570
950 570
960 570
970 570
980 570
990 580
5 580
15 580
25 580
35 580
45 580
55 580
65 580
75 580
85 580
95 580
105 580
115 580
125 580
135 580
145 580
155 580
165 580
175 580
185 580
195 580
205 580
215 580
225 580
235 580
245 580
255 580
265 580
275 580
285 580
295 580
305 580
315 580
325 580
335 580
345 580
355 580
365 580
375 580
385 580
395 580
405 580
415 580
425 580
435 580
445 580
455 580
465 580
475 580
485 580
495 580
505 580
515 580
525 580
535 580
545 580
555 580
565 580
575 580
585 580
595 580
605 580
615 580
625 580
635 580
645 580
655 580
665 580
675 580
685 580
695 580
705 580
715 580
725 580
735 580
745 580
755 580
765 580
775 580
785 580
795 580
805 580
815 580
825 580
835 580
845 580
855 580
865 580
875 580
885 580
895 580
905 580
915 580
925 580
935 580
945 580
955 580
965 580
975 580
985 580
995 590
0 590
10 590
20 590
30 590
40 590
50 590
60 590
70 590
80 590
90 590
100 590
110 590
120 590
130 590
140 590
150 590
160 590
170 590
180 590
190 590
200 590
210 590
220 590
230 590
240 590
250 590
260 590
270 590
280 590
290 590
300 590
310 590
320 590
330 590
340 590
350 590
360 590
370 590
380 590
390 590
400 590
410 590
420 590
430 590
440 590
450 590
460 590
470 590
480 590
490 590
500 590
510 590
520 590
530 590
540 590
550 590
560 590
570 590
580 590
590 590
600 590
610 590
620 590
630 590
640 590
650 590
660 590
670 590
680 590
690 590
700 590
710 590
720 590
730 590
740 590
750 590
760 590
770 590
780 590
790 590
800 590
810 590
820 590
830 590
840 590
850 590
860 590
870 590
880 590
890 590
900 590
910 590
920 590
930 590
940 590
950 590
960 590
970 590
980 590
990 600
5 600
15 600
25 600
35 600
45 600
55 600
65 600
75 600
85 600
95 600
105 600
115 600
125 600
135 600
145 600
155 600
165 600
175 600
185 600
195 600
205 600
215 600
225 600
235 600
245 600
255 600
265 600
275 600
285 600
295 600
305 600
315 600
325 600
335 600
345 600
355 600
365 600
375 600
385 600
395 600
405 600
415 600
425 600
435 600
445 600
455 600
465 600
475 600
485 600
495 600
505 600
515 600
525 600
535 600
545 600
555 600
565 600
575 600
585 600
595 600
605 600
615 600
625 600
635 600
645 600
655 600
665 600
675 600
685 600
695 600
705 600
715 600
725 600
735 600
745 600
755 600
765 600
775 600
785 600
795 600
805 600
815 600
825 600
835 600
845 600
855 600
865 600
875 600
885 600
895 600
905 600
915 600
925 600
935 600
945 600
955 600
965 600
975 600
985 600
995 610
0 610
10 610
20 610
30 610
40 610
50 610
60 610
70 610
80 610
90 610
100 610
110 610
120 610
130 610
140 610
150 610
160 610
170 610
180 610
190 610
200 610
210 610
220 610
230 610
240 610
250 610
260 610
270 610
280 610
290 610
300 610
310 610
320 610
330 610
340 610
350 610
360 610
370 610
380 610
390 610
400 610
410 610
420 610
430 610
440 610
450 610
460 610
470 610
480 610
490 610
500 610
510 610
520 610
530 610
540 610
550 610
560 610
570 610
580 610
590 610
600 610
610 610
620 610
630 610
640 610
650 610
660 610
670 610
680 610
690 610
700 610
710 610
720 610
730 610
740 610
750 610
760 610
770 610
780 610
790 610
800 610
810 610
820 610
830 610
840 610
850 610
860 610
870 610
880 610
890 610
900 610
910 610
920 610
930 610
940 610
950 610
960 610
970 610
980 610
990 620
5 620
15 620
25 620
35 620
45 620
55 620
65 620
75 620
85 620
95 620
105 620
115 620
125 620
135 620
145 620
155 620
165 620
175 620
185 620
195 620
205 620
215 620
225 620
235 620
245 620
255 620
265 620
275 620
285 620
295 620
305 620
315 620
325 620
335 620
345 620
355 620
365 620
375 620
385 620
395 620
405 620
415 620
425 620
435 620
445 620
455 620
465 620
475 620
485 620
495 620
505 620
515 620
525 620
535 620
545 620
555 620
565 620
575 620
585 620
595 620
605 620
615 620
625 620
635 620
645 620
655 620
665 620
675 620
685 620
695 620
705 620
715 620
725 620
735 620
745 620
755 620
765 620
775 620
785 620
795 620
805 620
815 620
825 620
835 620
845 620
855 620
865 620
875 620
885 620
895 620
905 620
915 620
925 620
935 620
945 620
955 620
965 620
975 620
985 620
995 630
0 630
10 630
20 630
30 630
40 630
50 630
60 630
70 630
80 630
90 630
100 630
110 630
120 630
130 630
140 630
150 630
160 630
170 630
180 630
190 630
200 630
210 630
220 630
230 630
240 630
250 630
260 630
270 630
280 630
290 630
300 630
310 630
320 630
330 630
340 630
350 630
360 630
370 630
380 630
390 630
400 630
410 630
420 630
430 630
440 630
450 630
460 630
470 630
480 630
490 630
500 630
510 630
520 630
530 630
540 630
550 630
560 630
570 630
580 630
590 630
600 630
610 630
620 630
630 630
640 630
650 630
660 630
670 630
680 630
690 630
700 630
710 630
720 630
730 630
740 630
750 630
760 630
770 630
780 630
790 630
800 630
810 630
820 630
830 630
840 630
850 630
860 630
870 630
880 630
890 630
900 630
910 630
920 630
930 630
940 630
950 630
960 630
970 630
980 630
990 640
5 640
15 640
25 640
35 640
45 640
55 640
65 640
75 640
85 640
95 640
105 640
115 640
125 640
135 640
145 640
155 640
165 640
175 640
185 640
195 640
205 640
215 640
225 640
235 640
245 640
255 640
265 640
275 640
285 640
295 640
305 640
315 640
325 640
335 640
345 640
355 640
365 640
375 640
385 640
395 640
405 640
415 640
425 640
435 640
445 640
455 640
465 640
475 640
485 640
495 640
505 640
515 640
525 640
535 640
545 640
555 640
565 640
575 640
585 640
595 640
605 640
615 640
625 640
635 640
645 640
655 640
665 640
675 640
685 640
695 640
705 640
715 640
725 640
735 640
745 640
755 640
765 640
775 640
785 640
795 640
805 640
815 640
825 640
835 640
845 640
855 640
865 640
875 640
885 640
895 640
905 640
915 640
925 640
935 640
945 640
955 640
965 640
975 640
985 640
995 650
0 650
10 650
20 650
30 650
40 650
50 650
60 650
70 650
80 650
90 650
100 650
110 650
120 650
130 650
140 650
150 650
160 650
170 650
180 650
190 650
200 650
210 650
220 650
230 650
240 650
250 650
260 650
270 650
280 650
290 650
300 650
310 650
320 650
330 650
340 650
350 650
360 650
370 650
380 650
390 650
400 650
410 650
420 650
430 650
440 650
450 650
460 650
470 650
480 650
490 650
500 650
510 650
520 650
530 650
540 650
550 650
560 650
570 650
580 650
590 650
600 650
610 650
620 650
630 650
640 650
650 650
660 650
670 650
680 650
690 650
700 650
710 650
720 650
730 650
740 650
750 650
760 650
770 650
780 650
790 650
800 650
810 650
820 650
830 650
840 650
850 650
860 650
870 650
880 650
890 650
900 650
910 650
920 650
930 650
940 650
950 650
960 650
970 650
980 650
990 660
5 660
15 660
25 660
35 660
45 660
55 660
65 660
75 660
85 660
95 660
105 660
115 660
125 660
135 660
145 660
155 660
165 660
175 660
185 660
195 660
205 660
215 660
225 660
235 660
245 660
255 660
265 660
275 660
285 660
295 660
305 660
315 660
325 660
335 660
345 660
355 660
365 660
375 660
385 660
395 660
405 660
415 660
425 660
435 660
445 660
455 660
465 660
475 660
485 660
495 660
505 660
515 660
525 660
535 660
545 660
555 660
565 660
575 660
585 660
595 660
605 660
615 660
625 660
635 660
645 660
655 660
665 660
675 660
685 660
695 660
705 660
715 660
725 660
735 660
745 660
755 660
765 660
775 660
785 660
795 660
805 660
815 660
825 660
835 660
845 660
855 660
865 660
875 660
885 660
895 660
905 660
915 660
925 660
935 660
945 660
955 660
965 660
975 660
985 660
995 670
0 670
10 670
20 670
30 670
40 670
50 670
60 670
70 670
80 670
90 670
100 670
110 670
120 670
130 670
140 670
150 670
160 670
170 670
180 670
190 670
200 670
210 670
220 670
230 670
240 670
250 670
260 670
270 670
280 670
290 670
300 670
310 670
320 670
330 670
340 670
350 670
360 670
370 670
380 670
390 670
400 670
410 670
420 670
430 670
440 670
450 670
460 670
470 670
480 670
490 670
500 670
510 670
520 670
530 670
540 670
550 670
560 670
570 670
580 670
590 670
600 670
610 670
620 670
630 670
640 670
650 670
660 670
670 670
680 670
690 670
700 670
710 670
720 670
730 670
740 670
750 670
760 670
770 670
780 670
790 670
800 670
810 670
820 670
830 670
840 670
850 670
860 670
870 670
880 670
890 670
900 670
910 670
920 670
930 670
940 670
950 670
960 670
970 670
980 670
990 680
5 680
15 680
25 680
35 680
45 680
55 680
65 680
75 680
85 680
95 680
105 680
115 680
125 680
135 680
145 680
155 680
165 680
175 680
185 680
195 680
205 680
215 680
225 680
235 680
245 680
255 680
265 680
275 680
285 680
295 680
305 680
315 680
325 680
335 680
345 680
355 680
365 680
375 680
385 680
395 680
405 680
415 680
425 680
435 680
445 680
455 680
465 680
475 680
485 680
495 680
505 680
515 680
525 680
535 680
545 680
555 680
565 680
575 680
585 680
595 680
605 680
615 680
625 680
635 680
645 680
655 680
665 680
675 680
685 680
695 680
705 680
715 680
725 680
735 680
745 680
755 680
765 680
775 680
785 680
795 680
805 680
815 680
825 680
835 680
845 680
855 680
865 680
875 680
885 680
895 680
905 680
915 680
925 680
935 680
945 680
955 680
965 680
975 680
985 680
995 690
0 690
10 690
20 690
30 690
40 690
50 690
60 690
70 690
80 690
90 690
100 690
110 690
120 690
130 690
140 690
150 690
160 690
170 690
180 690
190 690
200 690
210 690
220 690
230 690
240 690
250 690
260 690
270 690
280 690
290 690
300 690
310 690
320 690
330 690
340 690
350 690
360 690
370 690
380 690
390 690
400 690
410 690
420 690
430 690
440 690
450 690
460 690
470 690
480 690
490 690
500 690
510 690
520 690
530 690
540 690
550 690
560 690
570 690
580 690
590 690
600 690
610 690
620 690
630 690
640 690
650 690
660 690
670 690
680 690
690 690
700 690
710 690
720 690
730 690
740 690
750 690
760 690
770 690
780 690
790 690
800 690
810 690
820 690
830 690
840 690
850 690
860 690
870 690
880 690
890 690
900 690
910 690
920 690
930 690
940 690
950 690
960 690
970 690
980 690
990 700
5 700
15 700
25 700
35 700
45 700
55 700
65 700
75 700
85 700
95 700
105 700
115 700
125 700
135 700
145 700
155 700
165 700
175 700
185 700
195 700
205 700
215 700
225 700
235 700
245 700
255 700
265 700
275 700
285 700
295 700
305 700
315 700
325 700
335 700
345 700
355 700
365 700
375 700
385 700
395 700
405 700
415 700
425 700
435 700
445 700
455 700
465 700
475 700
485 700
495 700
505 700
515 700
525 700
535 700
545 700
555 700
565 700
575 700
585 700
595 700
605 700
615 700
625 700
635 700
645 700
655 700
665 700
675 700
685 700
695 700
705 700
715 700
725 700
735 700
745 700
755 700
765 700
775 700
785 700
795 700
805 700
815 700
825 700
835 700
845 700
855 700
865 700
875 700
885 700
895 700
905 700
915 700
925 700
935 700
945 700
955 700
965 700
975 700
985 700
995 710
0 710
10 710
20 710
30 710
40 710
50 710
60 710
70 710
80 710
90 710
100 710
110 710
120 710
130 710
140 710
150 710
160 710
170 710
180 710
190 710
200 710
210 710
220 710
230 710
240 710
250 710
260 710
270 710
280 710
290 710
300 710
310 710
320 710
330 710
340 710
350 710
360 710
370 710
380 710
390 710
400 710
410 710
420 710
430 710
440 710
450 710
460 710
470 710
480 710
490 710
500 710
510 710
520 710
530 710
540 710
550 710
560 710
570 710
580 710
590 710
600 710
610 710
620 710
630 710
640 710
650 710
660 710
670 710
680 710
690 710
700 710
710 710
720 710
730 710
740 710
750 710
760 710
770 710
780 710
790 710
800 710
810 710
820 710
830 710
840 710
850 710
860 710
870 710
880 710
890 710
900 710
910 710
920 710
930 710
940 710
950 710
960 710
970 710
980 710
990 720
5 720
15 720
25 720
35 720
45 720
55 720
65 720
75 720
85 720
95 720
105 720
115 720
125 720
135 720
145 720
155 720
165 720
175 720
185 720
195 720
205 720
215 720
225 720
235 720
245 720
255 720
265 720
275 720
285 720
295 720
305 720
315 720
325 720
335 720
345 720
355 720
365 720
375 720
385 720
395 720
405 720
415 720
425 720
435 720
445 720
455 720
465 720
475 720
485 720
495 720
505 720
515 720
525 720
535 720
545 720
555 720
565 720
575 720
585 720
595 720
605 720
615 720
625 720
635 720
645 720
655 720
665 720
675 720
685 720
695 720
705 720
715 720
725 720
735 720
745 720
755 720
765 720
775 720
785 720
795 720
805 720
815 720
825 720
835 720
845 720
855 720
865 720
875 720
885 720
895 720
905 720
915 720
925 720
935 720
945 720
955 720
965 720
975 720
985 720
995 730
0 730
10 730
20 730
30 730
40 730
50 730
60 730
70 730
80 730
90 730
100 730
110 730
120 730
130 730
140 730
150 730
160 730
170 730
180 730
190 730
200 730
210 730
220 730
230 730
240 730
250 730
260 730
270 730
280 730
290 730
300 730
310 730
320 730
330 730
340 730
350 730
360 730
370 730
380 730
390 730
400 730
410 730
420 730
430 730
440 730
450 730
460 730
470 730
480 730
490 730
500 730
510 730
520 730
530 730
540 730
550 730
560 730
570 730
580 730
590 730
600 730
610 730
620 730
630 730
640 730
650 730
660 730
670 730
680 730
690 730
700 730
710 730
720 730
730 730
740 730
750 730
760 730
770 730
780 730
790 730
800 730
810 730
820 730
830 730
840 730
850 730
860 730
870 730
880 730
890 730
900 730
910 730
920 730
930 730
940 730
950 730
960 730
970 730
980 730
990 740
5 740
15 740
25 740
35 740
45 740
55 740
65 740
75 740
85 740
95 740
105 740
115 740
125 740
135 740
145 740
155 740
165 740
175 740
185 740
195 740
205 740
215 740
225 740
235 740
245 740
255 740
265 740
275 740
285 740
295 740
305 740
315 740
325 740
335 740
345 740
355 740
365 740
375 740
385 740
395 740
405 740
415 740
425 740
435 740
445 740
455 740
465 740
475 740
485 740
495 740
505 740
515 740
525 740
535 740
545 740
555 740
565 740
575 740
585 740
595 740
605 740
615 740
625 740
635 740
645 740
655 740
665 740
675 740
685 740
695 740
705 740
715 740
725 740
735 740
745 740
755 740
765 740
775 740
785 740
795 740
805 740
815 740
825 740
835 740
845 740
855 740
865 740
875 740
885 740
895 740
905 740
915 740
925 740
935 740
945 740
955 740
965 740
975 740
985 740
995 750
0 750
10 750
20 750
30 750
40 750
50 750
60 750
70 750
80 750
90 750
100 750
110 750
120 750
130 750
140 750
150 750
160 750
170 750
180 750
190 750
200 750
210 750
220 750
230 750
240 750
250 750
260 750
270 750
280 750
290 750
300 750
310 750
320 750
330 750
340 750
350 750
360 750
370 750
380 750
390 750
400 750
410 750
420 750
430 750
440 750
450 750
460 750
470 750
480 750
490 750
500 750
510 750
520 750
530 750
540 750
550 750
560 750
570 750
580 750
590 750
600 750
610 750
620 750
630 750
640 750
650 750
660 750
670 750
680 750
690 750
700 750
710 750
720 750
730 750
740 750
750 750
760 750
770 750
780 750
790 750
800 750
810 750
820 750
830 750
840 750
850 750
860 750
870 750
880 750
890 750
900 750
910 750
920 750
930 750
940 750
950 750
960 750
970 750
980 750
990 760
5 760
15 760
25 760
35 760
45 760
55 760
65 760
75 760
85 760
95 760
105 760
115 760
125 760
135 760
145 760
155 760
165 760
175 760
185 760
195 760
205 760
215 760
225 760
235 760
245 760
255 760
265 760
275 760
285 760
295 760
305 760
315 760
325 760
335 760
345 760
355 760
365 760
375 760
385 760
395 760
405 760
415 760
425 760
435 760
445 760
455 760
465 760
475 760
485 760
495 760
505 760
515 760
525 760
535 760
545 760
555 760
565 760
575 760
585 760
595 760
605 760
615 760
625 760
635 760
645 760
655 760
665 760
675 760
685 760
695 760
705 760
715 760
725 760
735 760
745 760
755 760
765 760
775 760
785 760
795 760
805 760
815 760
825 760
835 760
845 760
855 760
865 760
875 760
885 760
895 760
905 760
915 760
925 760
935 760
945 760
955 760
965 760
975 760
985 760
995 770
0 770
10 770
20 770
30 770
40 770
50 770
60 770
70 770
80 770
90 770
100 770
110 770
120 770
130 770
140 770
150 770
160 770
170 770
180 770
190 770
200 770
210 770
220 770
230 770
240 770
250 770
260 770
270 770
280 770
290 770
300 770
310 770
320 770
330 770
340 770
350 770
360 770
370 770
380 770
390 770
400 770
410 770
420 770
430 770
440 770
450 770
460 770
470 770
480 770
490 770
500 770
510 770
520 770
530 770
540 770
550 770
560 770
570 770
580 770
590 770
600 770
610 770
620 770
630 770
640 770
650 770
660 770
670 770
680 770
690 770
700 770
710 770
720 770
730 770
740 770
750 770
760 770
770 770
780 770
790 770
800 770
810 770
820 770
830 770
840 770
850 770
860 770
870 770
880 770
890 770
900 770
910 770
920 770
930 770
940 770
950 770
960 770
970 770
980 770
990 780
5 780
15 780
25 780
35 780
45 780
55 780
65 780
75 780
85 780
95 780
105 780
115 780
125 780
135 780
145 780
155 780
165 780
175 780
185 780
195 780
205 780
215 780
225 780
235 780
245 780
255 780
265 780
275 780
285 780
295 780
305 780
315 780
325 780
335 780
345 780
355 780
365 780
375 780
385 780
395 780
405 780
415 780
425 780
435 780
445 780
455 780
465 780
475 780
485 780
495 780
505 780
515 780
525 780
535 780
545 780
555 780
565 780
575 780
585 780
595 780
605 780
615 780
625 780
635 780
645 780
655 780
665 780
675 780
685 780
695 780
705 780
715 780
725 780
735 780
745 780
755 780
765 780
775 780
785 780
795 780
805 780
815 780
825 780
835 780
845 780
855 780
865 780
875 780
885 780
895 780
905 780
915 780
925 780
935 780
945 780
955 780
965 780
975 780
985 780
995 790
0 790
10 790
20 790
30 790
40 790
50 790
60 790
70 790
80 790
90 790
100 790
110 790
120 790
130 790
140 790
150 790
160 790
170 790
180 790
190 790
200 790
210 790
220 790
230 790
240 790
250 790
260 790
270 790
280 790
290 790
300 790
310 790
320 790
330 790
340 790
350 790
360 790
370 790
380 790
390 790
400 790
410 790
420 790
430 790
440 790
450 790
460 790
470 790
480 790
490 790
500 790
510 790
520 790
530 790
540 790
550 790
560 790
570 790
580 790
590 790
600 790
610 790
620 790
630 790
640 790
650 790
660 790
670 790
680 790
690 790
700 790
710 790
720 790
730 790
740 790
750 790
760 790
770 790
780 790
790 790
800 790
810 790
820 790
830 790
840 790
850 790
860 790
870 790
880 790
890 790
900 790
910 790
920 790
930 790
940 790
950 790
960 790
970 790
980 790
990 800
5 800
15 800
25 800
35 800
45 800
55 800
65 800
75 800
85 800
95 800
105 800
115 800
125 800
135 800
145 800
155 800
165 800
175 800
185 800
195 800
205 800
215 800
225 800
235 800
245 800
255 800
265 800
275 800
285 800
295 800
305 800
315 800
325 800
335 800
345 800
355 800
365 800
375 800
385 800
395 800
405 800
415 800
425 800
435 800
445 800
455 800
465 800
475 800
485 800
495 800
505 800
515 800
525 800
535 800
545 800
555 800
565 800
575 800
585 800
595 800
605 800
615 800
625 800
635 800
645 800
655 800
665 800
675 800
685 800
695 800
705 800
715 800
725 800
735 800
745 800
755 800
765 800
775 800
785 800
795 800
805 800
815 800
825 800
835 800
845 800
855 800
865 800
875 800
885 800
895 800
905 800
915 800
925 800
935 800
945 800
955 800
965 800
975 800
985 800
995 810
0 810
10 810
20 810
30 810
40 810
50 810
60 810
70 810
80 810
90 810
100 810
110 810
120 810
130 810
140 810
150 810
160 810
170 810
180 810
190 810
200 810
210 810
220 810
230 810
240 810
250 810
260 810
270 810
280 810
290 810
300 810
310 810
320 810
330 810
340 810
350 810
360 810
370 810
380 810
390 810
400 810
410 810
420 810
430 810
440 810
450 810
460 810
470 810
480 810
490 810
500 810
510 810
520 810
530 810
540 810
550 810
560 810
570 810
580 810
590 810
600 810
610 810
620 810
630 810
640 810
650 810
660 810
670 810
680 810
690 810
700 810
710 810
720 810
730 810
740 810
750 810
760 810
770 810
780 810
790 810
800 810
810 810
820 810
830 810
840 810
850 810
860 810
870 810
880 810
890 810
900 810
910 810
920 810
930 810
940 810
950 810
960 810
970 810
980 810
990 820
5 820
15 820
25 820
35 820
45 820
55 820
65 820
75 820
85 820
95 820
105 820
115 820
125 820
135 820
145 820
155 820
165 820
175 820
185 820
195 820
205 820
215 820
225 820
235 820
245 820
255 820
265 820
275 820
285 820
295 820
305 820
315 820
325 820
335 820
345 820
355 820
365 820
375 820
385 820
395 820
405 820
415 820
425 820
435 820
445 820
455 820
465 820
475 820
485 820
495 820
505 820
515 820
525 820
535 820
545 820
555 820
565 820
575 820
585 820
595 820
605 820
615 820
625 820
635 820
645 820
655 820
665 820
675 820
685 820
695 820
705 820
715 820
725 820
735 820
745 820
755 820
765 820
775 820
785 820
795 820
805 820
815 820
825 820
835 820
845 820
855 820
865 820
875 820
885 820
895 820
905 820
915 820
925 820
935 820
945 820
955 820
965 820
975 820
985 820
995 830
0 830
10 830
20 830
30 830
40 830
50 830
60 830
70 830
80 830
90 830
100 830
110 830
120 830
130 830
140 830
150 830
160 830
170 830
180 830
190 830
200 830
210 830
220 830
230 830
240 830
250 830
260 830
270 830
280 830
290 830
300 830
310 830
320 830
330 830
340 830
350 830
360 830
370 830
380 830
390 830
400 830
410 830
420 830
430 830
440 830
450 830
460 830
470 830
480 830
490 830
500 830
510 830
520 830
530 830
540 830
550 830
560 830
570 830
580 830
590 830
600 830
610 830
620 830
630 830
640 830
650 830
660 830
670 830
680 830
690 830
700 830
710 830
720 830
730 830
740 830
750 830
760 830
770 830
780 830
790 830
800 830
810 830
820 830
830 830
840 830
850 830
860 830
870 830
880 830
890 830
900 830
910 830
920 830
930 830
940 830
950 830
960 830
970 830
980 830
990 840
5 840
15 840
25 840
35 840
45 840
55 840
65 840
75 840
85 840
95 840
105 840
115 840
125 840
135 840
145 840
155 840
165 840
175 840
185 840
195 840
205 840
215 840
225 840
235 840
245 840
255 840
265 840
275 840
285 840
295 840
305 840
315 840
325 840
335 840
345 840
355 840
365 840
375 840
385 840
395 840
405 840
415 840
425 840
435 840
445 840
455 840
465 840
475 840
485 840
495 840
505 840
515 840
525 840
535 840
545 840
555 840
565 840
575 840
585 840
595 840
605 840
615 840
625 840
635 840
645 840
655 840
665 840
675 840
685 840
695 840
705 840
715 840
725 840
735 840
745 840
755 840
765 840
775 840
785 840
795 840
805 840
815 840
825 840
835 840
845 840
855 840
865 840
875 840
885 840
895 840
905 840
915 840
925 840
935 840
945 840
955 840
965 840
975 840
985 840
995 850
0 850
10 850
20 850
30 850
40 850
50 850
60 850
70 850
80 850
90 850
100 850
110 850
120 850
130 850
140 850
150 850
160 850
170 850
180 850
190 850
200 850
210 850
220 850
230 850
240 850
250 850
260 850
270 850
280 850
290 850
300 850
310 850
320 850
330 850
340 850
350 850
360 850
370 850
380 850
390 850
400 850
410 850
420 850
430 850
440 850
450 850
460 850
470 850
480 850
490 850
500 850
510 850
520 850
530 850
540 850
550 850
560 850
570 850
580 850
590 850
600 850
610 850
620 850
630 850
640 850
650 850
660 850
670 850
680 850
690 850
700 850
710 850
720 850
730 850
740 850
750 850
760 850
770 850
780 850
790 850
800 850
810 850
820 850
830 850
840 850
850 850
860 850
870 850
880 850
890 850
900 850
910 850
920 850
930 850
940 850
950 850
960 850
970 850
980 850
990 860
5 860
15 860
25 860
35 860
45 860
55 860
65 860
75 860
85 860
95 860
105 860
115 860
125 860
135 860
145 860
155 860
165 860
175 860
185 860
195 860
205 860
215 860
225 860
235 860
245 860
255 860
265 860
275 860
285 860
295 860
305 860
315 860
325 860
335 860
345 860
355 860
365 860
375 860
385 860
395 860
405 860
415 860
425 860
435 860
445 860
455 860
465 860
475 860
485 860
495 860
505 860
515 860
525 860
535 860
545 860
555 860
565 860
575 860
585 860
595 860
605 860
615 860
625 860
635 860
645 860
655 860
665 860
675 860
685 860
695 860
705 860
715 860
725 860
735 860
745 860
755 860
765 860
775 860
785 860
795 860
805 860
815 860
825 860
835 860
845 860
855 860
865 860
875 860
885 860
895 860
905 860
915 860
925 860
935 860
945 860
955 860
965 860
975 860
985 860
995 870
0 870
10 870
20 870
30 870
40 870
50 870
60 870
70 870
80 870
90 870
100 870
110 870
120 870
130 870
140 870
150 870
160 870
170 870
180 870
190 870
200 870
210 870
220 870
230 870
240 870
250 870
260 870
270 870
280 870
290 870
300 870
310 870
320 870
330 870
340 870
350 870
360 870
370 870
380 870
390 870
400 870
410 870
420 870
430 870
440 870
450 870
460 870
470 870
480 870
490 870
500 870
510 870
520 870
530 870
540 870
550 870
560 870
570 870
580 870
590 870
600 870
610 870
620 870
630 870
640 870
650 870
660 870
670 870
680 870
690 870
700 870
710 870
720 870
730 870
740 870
750 870
760 870
770 870
780 870
790 870
800 870
810 870
820 870
830 870
840 870
850 870
860 870
870 870
880 870
890 870
900 870
910 870
920 870
930 870
940 870
950 870
960 870
970 870
980 870
990 880
5 880
15 880
25 880
35 880
45 880
55 880
65 880
75 880
85 880
95 880
105 880
115 880
125 880
135 880
145 880
155 880
165 880
175 880
185 880
195 880
205 880
215 880
225 880
235 880
245 880
255 880
265 880
275 880
285 880
295 880
305 880
315 880
325 880
335 880
345 880
355 880
365 880
375 880
385 880
395 880
405 880
415 880
425 880
435 880
445 880
455 880
465 880
475 880
485 880
495 880
505 880
515 880
525 880
535 880
545 880
555 880
565 880
575 880
585 880
595 880
605 880
615 880
625 880
635 880
645 880
655 880
665 880
675 880
685 880
695 880
705 880
715 880
725 880
735 880
745 880
755 880
765 880
775 880
785 880
795 880
805 880
815 880
825 880
835 880
845 880
855 880
865 880
875 880
885 880
895 880
905 880
915 880
925 880
935 880
945 880
955 880
965 880
975 880
985 880
995 890
0 890
10 890
20 890
30 890
40 890
50 890
60 890
70 890
80 890
90 890
100 890
110 890
120 890
130 890
140 890
150 890
160 890
170 890
180 890
190 890
200 890
210 890
220 890
230 890
240 890
250 890
260 890
270 890
280 890
290 890
300 890
310 890
320 890
330 890
340 890
350 890
360 890
370 890
380 890
390 890
400 890
410 890
420 890
430 890
440 890
450 890
460 890
470 890
480 890
490 890
500 890
510 890
520 890
530 890
540 890
550 890
560 890
570 890
580 890
590 890
600 890
610 890
620 890
630 890
640 890
650 890
660 890
670 890
680 890
690 890
700 890
710 890
720 890
730 890
740 890
750 890
760 890
770 890
780 890
790 890
800 890
810 890
820 890
830 890
840 890
850 890
860 890
870 890
880 890
890 890
900 890
910 890
920 890
930 890
940 890
950 890
960 890
970 890
980 890
990 900
5 900
15 900
25 900
35 900
45 900
55 900
65 900
75 900
85 900
95 900
105 900
115 900
125 900
135 900
145 900
155 900
165 900
175 900
185 900
195 900
205 900
215 900
225 900
235 900
245 900
255 900
265 900
275 900
285 900
295 900
305 900
315 900
325 900
335 900
345 900
355 900
365 900
375 900
385 900
395 900
405 900
415 900
425 900
435 900
445 900
455 900
465 900
475 900
485 900
495 900
505 900
515 900
525 900
535 900
545 900
555 900
565 900
575 900
585 900
595 900
605 900
615 900
625 900
635 900
645 900
655 900
665 900
675 900
685 900
695 900
705 900
715 900
725 900
735 900
745 900
755 900
765 900
775 900
785 900
795 900
805 900
815 900
825 900
835 900
845 900
855 900
865 900
875 900
885 900
895 900
905 900
915 900
925 900
935 900
945 900
955 900
965 900
975 900
985 900
995 910
0 910
10 910
20 910
30 910
40 910
50 910
60 910
70 910
80 910
90 910
100 910
110 910
120 910
130 910
140 910
150 910
160 910
170 910
180 910
190 910
200 910
210 910
220 910
230 910
240 910
250 910
260 910
270 910
280 910
290 910
300 910
310 910
320 910
330 910
340 910
350 910
360 910
370 910
380 910
390 910
400 910
410 910
420 910
430 910
440 910
450 910
460 910
470 910
480 910
490 910
500 910
510 910
520 910
530 910
540 910
550 910
560 910
570 910
580 910
590 910
600 910
610 910
620 910
630 910
640 910
650 910
660 910
670 910
680 910
690 910
700 910
710 910
720 910
730 910
740 910
750 910
760 910
770 910
780 910
790 910
800 910
810 910
820 910
830 910
840 910
850 910
860 910
870 910
880 910
890 910
900 910
910 910
920 910
930 910
940 910
950 910
960 910
970 910
980 910
990 920
5 920
15 920
25 920
35 920
45 920
55 920
65 920
75 920
85 920
95 920
105 920
115 920
125 920
135 920
145 920
155 920
165 920
175 920
185 920
195 920
205 920
215 920
225 920
235 920
245 920
255 920
265 920
275 920
285 920
295 920
305 920
315 920
325 920
335 920
345 920
355 920
365 920
375 920
385 920
395 920
405 920
415 920
425 920
435 920
445 920
455 920
465 920
475 920
485 920
495 920
505 920
515 920
525 920
535 920
545 920
555 920
565 920
575 920
585 920
595 920
605 920
615 920
625 920
635 920
645 920
655 920
665 920
675 920
685 920
695 920
705 920
715 920
725 920
735 920
745 920
755 920
765 920
775 920
785 920
795 920
805 920
815 920
825 920
835 920
845 920
855 920
865 920
875 920
885 920
895 920
905 920
915 920
925 920
935 920
945 920
955 920
965 920
975 920
985 920
995 930
0 930
10 930
20 930
30 930
40 930
50 930
60 930
70 930
80 930
90 930
100 930
110 930
120 930
130 930
140 930
150 930
160 930
170 930
180 930
190 930
200 930
210 930
220 930
230 930
240 930
250 930
260 930
270 930
280 930
290 930
300 930
310 930
320 930
330 930
340 930
350 930
360 930
370 930
380 930
390 930
400 930
410 930
420 930
430 930
440 930
450 930
460 930
470 930
480 930
490 930
500 930
510 930
520 930
530 930
540 930
550 930
560 930
570 930
580 930
590 930
600 930
610 930
620 930
630 930
640 930
650 930
660 930
670 930
680 930
690 930
700 930
710 930
720 930
730 930
740 930
750 930
760 930
770 930
780 930
790 930
800 930
810 930
820 930
830 930
840 930
850 930
860 930
870 930
880 930
890 930
900 930
910 930
920 930
930 930
940 930
950 930
960 930
970 930
980 930
990 940
5 940
15 940
25 940
35 940
45 940
55 940
65 940
75 940
85 940
95 940
105 940
115 940
125 940
135 940
145 940
155 940
165 940
175 940
185 940
195 940
205 940
215 940
225 940
235 940
245 940
255 940
265 940
275 940
285 940
295 940
305 940
315 940
325 940
335 940
345 940
355 940
365 940
375 940
385 940
395 940
405 940
415 940
425 940
435 940
445 940
455 940
465 940
475 940
485 940
495 940
505 940
515 940
525 940
535 940
545 940
555 940
565 940
575 940
585 940
595 940
605 940
615 940
625 940
635 940
645 940
655 940
665 940
675 940
685 940
695 940
705 940
715 940
725 940
735 940
745 940
755 940
765 940
775 940
785 940
795 940
805 940
815 940
825 940
835 940
845 940
855 940
865 940
875 940
885 940
895 940
905 940
915 940
925 940
935 940
945 940
955 940
965 940
975 940
985 940
995 950
0 950
10 950
20 950
30 950
40 950
50 950
60 950
70 950
80 950
90 950
100 950
110 950
120 950
130 950
140 950
150 950
160 950
170 950
180 950
190 950
200 950
210 950
220 950
230 950
240 950
250 950
260 950
270 950
280 950
290 950
300 950
310 950
320 950
330 950
340 950
350 950
360 950
370 950
380 950
390 950
400 950
410 950
420 950
430 950
440 950
450 950
460 950
470 950
480 950
490 950
500 950
510 950
520 950
530 950
540 950
550 950
560 950
570 950
580 950
590 950
600 950
610 950
620 950
630 950
640 950
650 950
660 950
670 950
680 950
690 950
700 950
710 950
720 950
730 950
740 950
750 950
760 950
770 950
780 950
790 950
800 950
810 950
820 950
830 950
840 950
850 950
860 950
870 950
880 950
890 950
900 950
910 950
920 950
930 950
940 950
950 950
960 950
970 950
980 950
990 960
5 960
15 960
25 960
35 960
45 960
55 960
65 960
75 960
85 960
95 960
105 960
115 960
125 960
135 960
145 960
155 960
165 960
175 960
185 960
195 960
205 960
215 960
225 960
235 960
245 960
255 960
265 960
275 960
285 960
295 960
305 960
315 960
325 960
335 960
345 960
355 960
365 960
375 960
385 960
395 960
405 960
415 960
425 960
435 960
445 960
455 960
465 960
475 960
485 960
495 960
505 960
515 960
525 960
535 960
545 960
555 960
565 960
575 960
585 960
595 960
605 960
615 960
625 960
635 960
645 960
655 960
665 960
675 960
685 960
695 960
705 960
715 960
725 960
735 960
745 960
755 960
765 960
775 960
785 960
795 960
805 960
815 960
825 960
835 960
845 960
855 960
865 960
875 960
885 960
895 960
905 960
915 960
925 960
935 960
945 960
955 960
965 960
975 960
985 960
995 970
0 970
10 970
20 970
30 970
40 970
50 970
60 970
70 970
80 970
90 970
100 970
110 970
120 970
130 970
140 970
150 970
160 970
170 970
180 970
190 970
200 970
210 970
220 970
230 970
240 970
250 970
260 970
270 970
280 970
290 970
300 970
310 970
320 970
330 970
340 970
350 970
360 970
370 970
380 970
390 970
400 970
410 970
420 970
430 970
440 970
450 970
460 970
470 970
480 970
490 970
500 970
510 970
520 970
530 970
540 970
550 970
560 970
570 970
580 970
590 970
600 970
610 970
620 970
630 970
640 970
650 970
660 970
670 970
680 970
690 970
700 970
710 970
720 970
730 970
740 970
750 970
760 970
770 970
780 970
790 970
800 970
810 970
820 970
830 970
840 970
850 970
860 970
870 970
880 970
890 970
900 970
910 970
920 970
930 970
940 970
950 970
960 970
970 970
980 970
990 980
5 980
15 980
25 980
35 980
45 980
55 980
65 980
75 980
85 980
95 980
105 980
115 980
125 980
135 980
145 980
155 980
165 980
175 980
185 980
195 980
205 980
215 980
225 980
235 980
245 980
255 980
265 980
275 980
285 980
295 980
305 980
315 980
325 980
335 980
345 980
355 980
365 980
375 980
385 980
395 980
405 980
415 980
425 980
435 980
445 980
455 980
465 980
475 980
485 980
495 980
505 980
515 980
525 980
535 980
545 980
555 980
565 980
575 980
585 980
595 980
605 980
615 980
625 980
635 980
645 980
655 980
665 980
675 980
685 980
695 980
705 980
715 980
725 980
735 980
745 980
755 980
765 980
775 980
785 980
795 980
805 980
815 980
825 980
835 980
845 980
855 980
865 980
875 980
885 980
895 980
905 980
915 980
925 980
935 980
945 980
955 980
965 980
975 980
985 980
995 990
0 990
10 990
20 990
30 990
40 990
50 990
60 990
70 990
80 990
90 990
100 990
110 990
120 990
130 990
140 990
150 990
160 990
170 990
180 990
190 990
200 990
210 990
220 990
230 990
240 990
250 990
260 990
270 990
280 990
290 990
300 990
310 990
320 990
330 990
340 990
350 990
360 990
370 990
380 990
390 990
400 990
410 990
420 990
430 990
440 990
450 990
460 990
470 990
480 990
490 990
500 990
510 990
520 990
530 990
540 990
550 990
560 990
570 990
580 990
590 990
600 990
610 990
620 990
630 990
640 990
650 990
660 990
670 990
680 990
690 990
700 990
710 990
720 990
730 990
740 990
750 990
760 990
770 990
780 990
790 990
800 990
810 990
820 990
830 990
840 990
850 990
860 990
870 990
880 990
890 990
900 990
910 990
920 990
930 990
940 990
950 990
960 990
970 990
980 990
