0 0
5 0
15 0
25 0
35 0
45 0
55 0
65 0
75 0
85 0
95 0
105 0
115 0
125 0
135 0
145 0
155 0
165 0
175 0
185 0
195 0
205 0
215 0
225 0
235 0
245 0
255 0
265 0
275 0
285 0
295 0
305 0
315 0
325 0
335 0
345 0
355 0
365 0
375 0
385 0
395 0
405 0
415 0
425 0
435 0
445 0
455 0
465 0
475 0
485 0
495 0
0 20
10 20
20 20
30 20
40 20
50 20
60 20
70 20
80 20
90 20
100 20
110 20
120 20
130 20
140 20
150 20
160 20
170 20
180 20
190 20
200 20
210 20
220 20
230 20
240 20
250 20
260 20
270 20
280 20
290 20
300 20
310 20
320 20
330 20
340 20
350 20
360 20
370 20
380 20
390 20
400 20
410 20
420 20
430 20
440 20
450 20
460 20
470 20
480 20
490 20
5 40
15 40
25 40
35 40
45 40
55 40
65 40
75 40
85 40
95 40
105 40
115 40
125 40
135 40
145 40
155 40
165 40
175 40
185 40
195 40
205 40
215 40
225 40
235 40
245 40
255 40
265 40
275 40
285 40
295 40
305 40
315 40
325 40
335 40
345 40
355 40
365 40
375 40
385 40
395 40
405 40
415 40
425 40
435 40
445 40
455 40
465 40
475 40
485 40
495 40
0 60
10 60
20 60
30 60
40 60
50 60
60 60
70 60
80 60
90 60
100 60
110 60
120 60
130 60
140 60
150 60
160 60
170 60
180 60
190 60
200 60
210 60
220 60
230 60
240 60
250 60
260 60
270 60
280 60
290 60
300 60
310 60
320 60
330 60
340 60
350 60
360 60
370 60
380 60
390 60
400 60
410 60
420 60
430 60
440 60
450 60
460 60
470 60
480 60
490 60
5 80
15 80
25 80
35 80
45 80
55 80
65 80
75 80
85 80
95 80
105 80
115 80
125 80
135 80
145 80
155 80
165 80
175 80
185 80
195 80
205 80
215 80
225 80
235 80
245 80
255 80
265 80
275 80
285 80
295 80
305 80
315 80
325 80
335 80
345 80
355 80
365 80
375 80
385 80
395 80
405 80
415 80
425 80
435 80
445 80
455 80
465 80
475 80
485 80
495 80
0 100
10 100
20 100
30 100
40 100
50 100
60 100
70 100
80 100
90 100
100 100
110 100
120 100
130 100
140 100
150 100
160 100
170 100
180 100
190 100
200 100
210 100
220 100
230 100
240 100
250 100
260 100
270 100
280 100
290 100
300 100
310 100
320 100
330 100
340 100
350 100
360 100
370 100
380 100
390 100
400 100
410 100
420 100
430 100
440 100
450 100
460 100
470 100
480 100
490 100
5 120
15 120
25 120
35 120
45 120
55 120
65 120
75 120
85 120
95 120
105 120
115 120
125 120
135 120
145 120
155 120
165 120
175 120
185 120
195 120
205 120
215 120
225 120
235 120
245 120
255 120
265 120
275 120
285 120
295 120
305 120
315 120
325 120
335 120
345 120
355 120
365 120
375 120
385 120
395 120
405 120
415 120
425 120
435 120
445 120
455 120
465 120
475 120
485 120
495 120
0 140
10 140
20 140
30 140
40 140
50 140
60 140
70 140
80 140
90 140
100 140
110 140
120 140
130 140
140 140
150 140
160 140
170 140
180 140
190 140
200 140
210 140
220 140
230 140
240 140
250 140
260 140
270 140
280 140
290 140
300 140
310 140
320 140
330 140
340 140
350 140
360 140
370 140
380 140
390 140
400 140
410 140
420 140
430 140
440 140
450 140
460 140
470 140
480 140
490 140
5 160
15 160
25 160
35 160
45 160
55 160
65 160
75 160
85 160
95 160
105 160
115 160
125 160
135 160
145 160
155 160
165 160
175 160
185 160
195 160
205 160
215 160
225 160
235 160
245 160
255 160
265 160
275 160
285 160
295 160
305 160
315 160
325 160
335 160
345 160
355 160
365 160
375 160
385 160
395 160
405 160
415 160
425 160
435 160
445 160
455 160
465 160
475 160
485 160
495 160
0 180
10 180
20 180
30 180
40 180
50 180
60 180
70 180
80 180
90 180
100 180
110 180
120 180
130 180
140 180
150 180
160 180
170 180
180 180
190 180
200 180
210 180
220 180
230 180
240 180
250 180
260 180
270 180
280 180
290 180
300 180
310 180
320 180
330 180
340 180
350 180
360 180
370 180
380 180
390 180
400 180
410 180
420 180
430 180
440 180
450 180
460 180
470 180
480 180
490 180
5 200
15 200
25 200
35 200
45 200
55 200
65 200
75 200
85 200
95 200
105 200
115 200
125 200
135 200
145 200
155 200
165 200
175 200
185 200
195 200
205 200
215 200
225 200
235 200
245 200
255 200
265 200
275 200
285 200
295 200
305 200
315 200
325 200
335 200
345 200
355 200
365 200
375 200
385 200
395 200
405 200
415 200
425 200
435 200
445 200
455 200
465 200
475 200
485 200
495 200
0 220
10 220
20 220
30 220
40 220
50 220
60 220
70 220
80 220
90 220
100 220
110 220
120 220
130 220
140 220
150 220
160 220
170 220
180 220
190 220
200 220
210 220
220 220
230 220
240 220
250 220
260 220
270 220
280 220
290 220
300 220
310 220
320 220
330 220
340 220
350 220
360 220
370 220
380 220
390 220
400 220
410 220
420 220
430 220
440 220
450 220
460 220
470 220
480 220
490 220
5 240
15 240
25 240
35 240
45 240
55 240
65 240
75 240
85 240
95 240
105 240
115 240
125 240
135 240
145 240
155 240
165 240
175 240
185 240
195 240
205 240
215 240
225 240
235 240
245 240
255 240
265 240
275 240
285 240
295 240
305 240
315 240
325 240
335 240
345 240
355 240
365 240
375 240
385 240
395 240
405 240
415 240
425 240
435 240
445 240
455 240
465 240
475 240
485 240
495 240
0 260
10 260
20 260
30 260
40 260
50 260
60 260
70 260
80 260
90 260
100 260
110 260
120 260
130 260
140 260
150 260
160 260
170 260
180 260
190 260
200 260
210 260
220 260
230 260
240 260
250 260
260 260
270 260
280 260
290 260
300 260
310 260
320 260
330 260
340 260
350 260
360 260
370 260
380 260
390 260
400 260
410 260
420 260
430 260
440 260
450 260
460 260
470 260
480 260
490 260
5 280
15 280
25 280
35 280
45 280
55 280
65 280
75 280
85 280
95 280
105 280
115 280
125 280
135 280
145 280
155 280
165 280
175 280
185 280
195 280
205 280
215 280
225 280
235 280
245 280
255 280
265 280
275 280
285 280
295 280
305 280
315 280
325 280
335 280
345 280
355 280
365 280
375 280
385 280
395 280
405 280
415 280
425 280
435 280
445 280
455 280
465 280
475 280
485 280
495 280
0 300
10 300
20 300
30 300
40 300
50 300
60 300
70 300
80 300
90 300
100 300
110 300
120 300
130 300
140 300
150 300
160 300
170 300
180 300
190 300
200 300
210 300
220 300
230 300
240 300
250 300
260 300
270 300
280 300
290 300
300 300
310 300
320 300
330 300
340 300
350 300
360 300
370 300
380 300
390 300
400 300
410 300
420 300
430 300
440 300
450 300
460 300
470 300
480 300
490 300
5 320
15 320
25 320
35 320
45 320
55 320
65 320
75 320
85 320
95 320
105 320
115 320
125 320
135 320
145 320
155 320
165 320
175 320
185 320
195 320
205 320
215 320
225 320
235 320
245 320
255 320
265 320
275 320
285 320
295 320
305 320
315 320
325 320
335 320
345 320
355 320
365 320
375 320
385 320
395 320
405 320
415 320
425 320
435 320
445 320
455 320
465 320
475 320
485 320
495 320
0 340
10 340
20 340
30 340
40 340
50 340
60 340
70 340
80 340
90 340
100 340
110 340
120 340
130 340
140 340
150 340
160 340
170 340
180 340
190 340
200 340
210 340
220 340
230 340
240 340
250 340
260 340
270 340
280 340
290 340
300 340
310 340
320 340
330 340
340 340
350 340
360 340
370 340
380 340
390 340
400 340
410 340
420 340
430 340
440 340
450 340
460 340
470 340
480 340
490 340
5 360
15 360
25 360
35 360
45 360
55 360
65 360
75 360
85 360
95 360
105 360
115 360
125 360
135 360
145 360
155 360
165 360
175 360
185 360
195 360
205 360
215 360
225 360
235 360
245 360
255 360
265 360
275 360
285 360
295 360
305 360
315 360
325 360
335 360
345 360
355 360
365 360
375 360
385 360
395 360
405 360
415 360
425 360
435 360
445 360
455 360
465 360
475 360
485 360
495 360
0 380
10 380
20 380
30 380
40 380
50 380
60 380
70 380
80 380
90 380
100 380
110 380
120 380
130 380
140 380
150 380
160 380
170 380
180 380
190 380
200 380
210 380
220 380
230 380
240 380
250 380
260 380
270 380
280 380
290 380
300 380
310 380
320 380
330 380
340 380
350 380
360 380
370 380
380 380
390 380
400 380
410 380
420 380
430 380
440 380
450 380
460 380
470 380
480 380
490 380
5 400
15 400
25 400
35 400
45 400
55 400
65 400
75 400
85 400
95 400
105 400
115 400
125 400
135 400
145 400
155 400
165 400
175 400
185 400
195 400
205 400
215 400
225 400
235 400
245 400
255 400
265 400
275 400
285 400
295 400
305 400
315 400
325 400
335 400
345 400
355 400
365 400
375 400
385 400
395 400
405 400
415 400
425 400
435 400
445 400
455 400
465 400
475 400
485 400
495 400
0 420
10 420
20 420
30 420
40 420
50 420
60 420
70 420
80 420
90 420
100 420
110 420
120 420
130 420
140 420
150 420
160 420
170 420
180 420
190 420
200 420
210 420
220 420
230 420
240 420
250 420
260 420
270 420
280 420
290 420
300 420
310 420
320 420
330 420
340 420
350 420
360 420
370 420
380 420
390 420
400 420
410 420
420 420
430 420
440 420
450 420
460 420
470 420
480 420
490 420
5 440
15 440
25 440
35 440
45 440
55 440
65 440
75 440
85 440
95 440
105 440
115 440
125 440
135 440
145 440
155 440
165 440
175 440
185 440
195 440
205 440
215 440
225 440
235 440
245 440
255 440
265 440
275 440
285 440
295 440
305 440
315 440
325 440
335 440
345 440
355 440
365 440
375 440
385 440
395 440
405 440
415 440
425 440
435 440
445 440
455 440
465 440
475 440
485 440
495 440
0 460
10 460
20 460
30 460
40 460
50 460
60 460
70 460
80 460
90 460
100 460
110 460
120 460
130 460
140 460
150 460
160 460
170 460
180 460
190 460
200 460
210 460
220 460
230 460
240 460
250 460
260 460
270 460
280 460
290 460
300 460
310 460
320 460
330 460
340 460
350 460
360 460
370 460
380 460
390 460
400 460
410 460
420 460
430 460
440 460
450 460
460 460
470 460
480 460
490 460
5 480
15 480
25 480
35 480
45 480
55 480
65 480
75 480
85 480
95 480
105 480
115 480
125 480
135 480
145 480
155 480
165 480
175 480
185 480
195 480
205 480
215 480
225 480
235 480
245 480
255 480
265 480
275 480
285 480
295 480
305 480
315 480
325 480
335 480
345 480
355 480
365 480
375 480
385 480
395 480
405 480
415 480
425 480
435 480
445 480
455 480
465 480
475 480
485 480
495 480
