0 0
10 0
20 0
30 0
40 0
50 0
60 0
70 0
80 0
90 0
100 0
110 0
120 0
130 0
140 0
150 0
160 0
170 0
180 0
190 0
200 0
210 0
220 0
230 0
240 0
250 0
260 0
270 0
280 0
290 0
300 0
310 0
320 0
330 0
340 0
350 0
360 0
370 0
380 0
390 0
400 0
410 0
420 0
430 0
440 0
450 0
460 0
470 0
480 0
490 0
0 10
10 10
20 10
30 10
40 10
50 10
60 10
70 10
80 10
90 10
100 10
110 10
120 10
130 10
140 10
150 10
160 10
170 10
180 10
190 10
200 10
210 10
220 10
230 10
240 10
250 10
260 10
270 10
280 10
290 10
300 10
310 10
320 10
330 10
340 10
350 10
360 10
370 10
380 10
390 10
400 10
410 10
420 10
430 10
440 10
450 10
460 10
470 10
480 10
490 10
0 20
10 20
20 20
30 20
40 20
50 20
60 20
70 20
80 20
90 20
100 20
110 20
120 20
130 20
140 20
150 20
160 20
170 20
180 20
190 20
200 20
210 20
220 20
230 20
240 20
250 20
260 20
270 20
280 20
290 20
300 20
310 20
320 20
330 20
340 20
350 20
360 20
370 20
380 20
390 20
400 20
410 20
420 20
430 20
440 20
450 20
460 20
470 20
480 20
490 20
0 30
10 30
20 30
30 30
40 30
50 30
60 30
70 30
80 30
90 30
100 30
110 30
120 30
130 30
140 30
150 30
160 30
170 30
180 30
190 30
200 30
210 30
220 30
230 30
240 30
250 30
260 30
270 30
280 30
290 30
300 30
310 30
320 30
330 30
340 30
350 30
360 30
370 30
380 30
390 30
400 30
410 30
420 30
430 30
440 30
450 30
460 30
470 30
480 30
490 30
0 40
10 40
20 40
30 40
40 40
50 40
60 40
70 40
80 40
90 40
100 40
110 40
120 40
130 40
140 40
150 40
160 40
170 40
180 40
190 40
200 40
210 40
220 40
230 40
240 40
250 40
260 40
270 40
280 40
290 40
300 40
310 40
320 40
330 40
340 40
350 40
360 40
370 40
380 40
390 40
400 40
410 40
420 40
430 40
440 40
450 40
460 40
470 40
480 40
490 40
0 50
10 50
20 50
30 50
40 50
50 50
60 50
70 50
80 50
90 50
100 50
110 50
120 50
130 50
140 50
150 50
160 50
170 50
180 50
190 50
200 50
210 50
220 50
230 50
240 50
250 50
260 50
270 50
280 50
290 50
300 50
310 50
320 50
330 50
340 50
350 50
360 50
370 50
380 50
390 50
400 50
410 50
420 50
430 50
440 50
450 50
460 50
470 50
480 50
490 50
0 60
10 60
20 60
30 60
40 60
50 60
60 60
70 60
80 60
90 60
100 60
110 60
120 60
130 60
140 60
150 60
160 60
170 60
180 60
190 60
200 60
210 60
220 60
230 60
240 60
250 60
260 60
270 60
280 60
290 60
300 60
310 60
320 60
330 60
340 60
350 60
360 60
370 60
380 60
390 60
400 60
410 60
420 60
430 60
440 60
450 60
460 60
470 60
480 60
490 60
0 70
10 70
20 70
30 70
40 70
50 70
60 70
70 70
80 70
90 70
100 70
110 70
120 70
130 70
140 70
150 70
160 70
170 70
180 70
190 70
200 70
210 70
220 70
230 70
240 70
250 70
260 70
270 70
280 70
290 70
300 70
310 70
320 70
330 70
340 70
350 70
360 70
370 70
380 70
390 70
400 70
410 70
420 70
430 70
440 70
450 70
460 70
470 70
480 70
490 70
0 80
10 80
20 80
30 80
40 80
50 80
60 80
70 80
80 80
90 80
100 80
110 80
120 80
130 80
140 80
150 80
160 80
170 80
180 80
190 80
200 80
210 80
220 80
230 80
240 80
250 80
260 80
270 80
280 80
290 80
300 80
310 80
320 80
330 80
340 80
350 80
360 80
370 80
380 80
390 80
400 80
410 80
420 80
430 80
440 80
450 80
460 80
470 80
480 80
490 80
0 90
10 90
20 90
30 90
40 90
50 90
60 90
70 90
80 90
90 90
100 90
110 90
120 90
130 90
140 90
150 90
160 90
170 90
180 90
190 90
200 90
210 90
220 90
230 90
240 90
250 90
260 90
270 90
280 90
290 90
300 90
310 90
320 90
330 90
340 90
350 90
360 90
370 90
380 90
390 90
400 90
410 90
420 90
430 90
440 90
450 90
460 90
470 90
480 90
490 90
0 100
10 100
20 100
30 100
40 100
50 100
60 100
70 100
80 100
90 100
100 100
110 100
120 100
130 100
140 100
150 100
160 100
170 100
180 100
190 100
200 100
210 100
220 100
230 100
240 100
250 100
260 100
270 100
280 100
290 100
300 100
310 100
320 100
330 100
340 100
350 100
360 100
370 100
380 100
390 100
400 100
410 100
420 100
430 100
440 100
450 100
460 100
470 100
480 100
490 100
0 110
10 110
20 110
30 110
40 110
50 110
60 110
70 110
80 110
90 110
100 110
110 110
120 110
130 110
140 110
150 110
160 110
170 110
180 110
190 110
200 110
210 110
220 110
230 110
240 110
250 110
260 110
270 110
280 110
290 110
300 110
310 110
320 110
330 110
340 110
350 110
360 110
370 110
380 110
390 110
400 110
410 110
420 110
430 110
440 110
450 110
460 110
470 110
480 110
490 110
0 120
10 120
20 120
30 120
40 120
50 120
60 120
70 120
80 120
90 120
100 120
110 120
120 120
130 120
140 120
150 120
160 120
170 120
180 120
190 120
200 120
210 120
220 120
230 120
240 120
250 120
260 120
270 120
280 120
290 120
300 120
310 120
320 120
330 120
340 120
350 120
360 120
370 120
380 120
390 120
400 120
410 120
420 120
430 120
440 120
450 120
460 120
470 120
480 120
490 120
0 130
10 130
20 130
30 130
40 130
50 130
60 130
70 130
80 130
90 130
100 130
110 130
120 130
130 130
140 130
150 130
160 130
170 130
180 130
190 130
200 130
210 130
220 130
230 130
240 130
250 130
260 130
270 130
280 130
290 130
300 130
310 130
320 130
330 130
340 130
350 130
360 130
370 130
380 130
390 130
400 130
410 130
420 130
430 130
440 130
450 130
460 130
470 130
480 130
490 130
0 140
10 140
20 140
30 140
40 140
50 140
60 140
70 140
80 140
90 140
100 140
110 140
120 140
130 140
140 140
150 140
160 140
170 140
180 140
190 140
200 140
210 140
220 140
230 140
240 140
250 140
260 140
270 140
280 140
290 140
300 140
310 140
320 140
330 140
340 140
350 140
360 140
370 140
380 140
390 140
400 140
410 140
420 140
430 140
440 140
450 140
460 140
470 140
480 140
490 140
0 150
10 150
20 150
30 150
40 150
50 150
60 150
70 150
80 150
90 150
100 150
110 150
120 150
130 150
140 150
150 150
160 150
170 150
180 150
190 150
200 150
210 150
220 150
230 150
240 150
250 150
260 150
270 150
280 150
290 150
300 150
310 150
320 150
330 150
340 150
350 150
360 150
370 150
380 150
390 150
400 150
410 150
420 150
430 150
440 150
450 150
460 150
470 150
480 150
490 150
0 160
10 160
20 160
30 160
40 160
50 160
60 160
70 160
80 160
90 160
100 160
110 160
120 160
130 160
140 160
150 160
160 160
170 160
180 160
190 160
200 160
210 160
220 160
230 160
240 160
250 160
260 160
270 160
280 160
290 160
300 160
310 160
320 160
330 160
340 160
350 160
360 160
370 160
380 160
390 160
400 160
410 160
420 160
430 160
440 160
450 160
460 160
470 160
480 160
490 160
0 170
10 170
20 170
30 170
40 170
50 170
60 170
70 170
80 170
90 170
100 170
110 170
120 170
130 170
140 170
150 170
160 170
170 170
180 170
190 170
200 170
210 170
220 170
230 170
240 170
250 170
260 170
270 170
280 170
290 170
300 170
310 170
320 170
330 170
340 170
350 170
360 170
370 170
380 170
390 170
400 170
410 170
420 170
430 170
440 170
450 170
460 170
470 170
480 170
490 170
0 180
10 180
20 180
30 180
40 180
50 180
60 180
70 180
80 180
90 180
100 180
110 180
120 180
130 180
140 180
150 180
160 180
170 180
180 180
190 180
200 180
210 180
220 180
230 180
240 180
250 180
260 180
270 180
280 180
290 180
300 180
310 180
320 180
330 180
340 180
350 180
360 180
370 180
380 180
390 180
400 180
410 180
420 180
430 180
440 180
450 180
460 180
470 180
480 180
490 180
0 190
10 190
20 190
30 190
40 190
50 190
60 190
70 190
80 190
90 190
100 190
110 190
120 190
130 190
140 190
150 190
160 190
170 190
180 190
190 190
200 190
210 190
220 190
230 190
240 190
250 190
260 190
270 190
280 190
290 190
300 190
310 190
320 190
330 190
340 190
350 190
360 190
370 190
380 190
390 190
400 190
410 190
420 190
430 190
440 190
450 190
460 190
470 190
480 190
490 190
0 200
10 200
20 200
30 200
40 200
50 200
60 200
70 200
80 200
90 200
100 200
110 200
120 200
130 200
140 200
150 200
160 200
170 200
180 200
190 200
200 200
210 200
220 200
230 200
240 200
250 200
260 200
270 200
280 200
290 200
300 200
310 200
320 200
330 200
340 200
350 200
360 200
370 200
380 200
390 200
400 200
410 200
420 200
430 200
440 200
450 200
460 200
470 200
480 200
490 200
0 210
10 210
20 210
30 210
40 210
50 210
60 210
70 210
80 210
90 210
100 210
110 210
120 210
130 210
140 210
150 210
160 210
170 210
180 210
190 210
200 210
210 210
220 210
230 210
240 210
250 210
260 210
270 210
280 210
290 210
300 210
310 210
320 210
330 210
340 210
350 210
360 210
370 210
380 210
390 210
400 210
410 210
420 210
430 210
440 210
450 210
460 210
470 210
480 210
490 210
0 220
10 220
20 220
30 220
40 220
50 220
60 220
70 220
80 220
90 220
100 220
110 220
120 220
130 220
140 220
150 220
160 220
170 220
180 220
190 220
200 220
210 220
220 220
230 220
240 220
250 220
260 220
270 220
280 220
290 220
300 220
310 220
320 220
330 220
340 220
350 220
360 220
370 220
380 220
390 220
400 220
410 220
420 220
430 220
440 220
450 220
460 220
470 220
480 220
490 220
0 230
10 230
20 230
30 230
40 230
50 230
60 230
70 230
80 230
90 230
100 230
110 230
120 230
130 230
140 230
150 230
160 230
170 230
180 230
190 230
200 230
210 230
220 230
230 230
240 230
250 230
260 230
270 230
280 230
290 230
300 230
310 230
320 230
330 230
340 230
350 230
360 230
370 230
380 230
390 230
400 230
410 230
420 230
430 230
440 230
450 230
460 230
470 230
480 230
490 230
0 240
10 240
20 240
30 240
40 240
50 240
60 240
70 240
80 240
90 240
100 240
110 240
120 240
130 240
140 240
150 240
160 240
170 240
180 240
190 240
200 240
210 240
220 240
230 240
240 240
250 240
260 240
270 240
280 240
290 240
300 240
310 240
320 240
330 240
340 240
350 240
360 240
370 240
380 240
390 240
400 240
410 240
420 240
430 240
440 240
450 240
460 240
470 240
480 240
490 240
0 250
10 250
20 250
30 250
40 250
50 250
60 250
70 250
80 250
90 250
100 250
110 250
120 250
130 250
140 250
150 250
160 250
170 250
180 250
190 250
200 250
210 250
220 250
230 250
240 250
250 250
260 250
270 250
280 250
290 250
300 250
310 250
320 250
330 250
340 250
350 250
360 250
370 250
380 250
390 250
400 250
410 250
420 250
430 250
440 250
450 250
460 250
470 250
480 250
490 250
0 260
10 260
20 260
30 260
40 260
50 260
60 260
70 260
80 260
90 260
100 260
110 260
120 260
130 260
140 260
150 260
160 260
170 260
180 260
190 260
200 260
210 260
220 260
230 260
240 260
250 260
260 260
270 260
280 260
290 260
300 260
310 260
320 260
330 260
340 260
350 260
360 260
370 260
380 260
390 260
400 260
410 260
420 260
430 260
440 260
450 260
460 260
470 260
480 260
490 260
0 270
10 270
20 270
30 270
40 270
50 270
60 270
70 270
80 270
90 270
100 270
110 270
120 270
130 270
140 270
150 270
160 270
170 270
180 270
190 270
200 270
210 270
220 270
230 270
240 270
250 270
260 270
270 270
280 270
290 270
300 270
310 270
320 270
330 270
340 270
350 270
360 270
370 270
380 270
390 270
400 270
410 270
420 270
430 270
440 270
450 270
460 270
470 270
480 270
490 270
0 280
10 280
20 280
30 280
40 280
50 280
60 280
70 280
80 280
90 280
100 280
110 280
120 280
130 280
140 280
150 280
160 280
170 280
180 280
190 280
200 280
210 280
220 280
230 280
240 280
250 280
260 280
270 280
280 280
290 280
300 280
310 280
320 280
330 280
340 280
350 280
360 280
370 280
380 280
390 280
400 280
410 280
420 280
430 280
440 280
450 280
460 280
470 280
480 280
490 280
0 290
10 290
20 290
30 290
40 290
50 290
60 290
70 290
80 290
90 290
100 290
110 290
120 290
130 290
140 290
150 290
160 290
170 290
180 290
190 290
200 290
210 290
220 290
230 290
240 290
250 290
260 290
270 290
280 290
290 290
300 290
310 290
320 290
330 290
340 290
350 290
360 290
370 290
380 290
390 290
400 290
410 290
420 290
430 290
440 290
450 290
460 290
470 290
480 290
490 290
0 300
10 300
20 300
30 300
40 300
50 300
60 300
70 300
80 300
90 300
100 300
110 300
120 300
130 300
140 300
150 300
160 300
170 300
180 300
190 300
200 300
210 300
220 300
230 300
240 300
250 300
260 300
270 300
280 300
290 300
300 300
310 300
320 300
330 300
340 300
350 300
360 300
370 300
380 300
390 300
400 300
410 300
420 300
430 300
440 300
450 300
460 300
470 300
480 300
490 300
0 310
10 310
20 310
30 310
40 310
50 310
60 310
70 310
80 310
90 310
100 310
110 310
120 310
130 310
140 310
150 310
160 310
170 310
180 310
190 310
200 310
210 310
220 310
230 310
240 310
250 310
260 310
270 310
280 310
290 310
300 310
310 310
320 310
330 310
340 310
350 310
360 310
370 310
380 310
390 310
400 310
410 310
420 310
430 310
440 310
450 310
460 310
470 310
480 310
490 310
0 320
10 320
20 320
30 320
40 320
50 320
60 320
70 320
80 320
90 320
100 320
110 320
120 320
130 320
140 320
150 320
160 320
170 320
180 320
190 320
200 320
210 320
220 320
230 320
240 320
250 320
260 320
270 320
280 320
290 320
300 320
310 320
320 320
330 320
340 320
350 320
360 320
370 320
380 320
390 320
400 320
410 320
420 320
430 320
440 320
450 320
460 320
470 320
480 320
490 320
0 330
10 330
20 330
30 330
40 330
50 330
60 330
70 330
80 330
90 330
100 330
110 330
120 330
130 330
140 330
150 330
160 330
170 330
180 330
190 330
200 330
210 330
220 330
230 330
240 330
250 330
260 330
270 330
280 330
290 330
300 330
310 330
320 330
330 330
340 330
350 330
360 330
370 330
380 330
390 330
400 330
410 330
420 330
430 330
440 330
450 330
460 330
470 330
480 330
490 330
0 340
10 340
20 340
30 340
40 340
50 340
60 340
70 340
80 340
90 340
100 340
110 340
120 340
130 340
140 340
150 340
160 340
170 340
180 340
190 340
200 340
210 340
220 340
230 340
240 340
250 340
260 340
270 340
280 340
290 340
300 340
310 340
320 340
330 340
340 340
350 340
360 340
370 340
380 340
390 340
400 340
410 340
420 340
430 340
440 340
450 340
460 340
470 340
480 340
490 340
0 350
10 350
20 350
30 350
40 350
50 350
60 350
70 350
80 350
90 350
100 350
110 350
120 350
130 350
140 350
150 350
160 350
170 350
180 350
190 350
200 350
210 350
220 350
230 350
240 350
250 350
260 350
270 350
280 350
290 350
300 350
310 350
320 350
330 350
340 350
350 350
360 350
370 350
380 350
390 350
400 350
410 350
420 350
430 350
440 350
450 350
460 350
470 350
480 350
490 350
0 360
10 360
20 360
30 360
40 360
50 360
60 360
70 360
80 360
90 360
100 360
110 360
120 360
130 360
140 360
150 360
160 360
170 360
180 360
190 360
200 360
210 360
220 360
230 360
240 360
250 360
260 360
270 360
280 360
290 360
300 360
310 360
320 360
330 360
340 360
350 360
360 360
370 360
380 360
390 360
400 360
410 360
420 360
430 360
440 360
450 360
460 360
470 360
480 360
490 360
0 370
10 370
20 370
30 370
40 370
50 370
60 370
70 370
80 370
90 370
100 370
110 370
120 370
130 370
140 370
150 370
160 370
170 370
180 370
190 370
200 370
210 370
220 370
230 370
240 370
250 370
260 370
270 370
280 370
290 370
300 370
310 370
320 370
330 370
340 370
350 370
360 370
370 370
380 370
390 370
400 370
410 370
420 370
430 370
440 370
450 370
460 370
470 370
480 370
490 370
0 380
10 380
20 380
30 380
40 380
50 380
60 380
70 380
80 380
90 380
100 380
110 380
120 380
130 380
140 380
150 380
160 380
170 380
180 380
190 380
200 380
210 380
220 380
230 380
240 380
250 380
260 380
270 380
280 380
290 380
300 380
310 380
320 380
330 380
340 380
350 380
360 380
370 380
380 380
390 380
400 380
410 380
420 380
430 380
440 380
450 380
460 380
470 380
480 380
490 380
0 390
10 390
20 390
30 390
40 390
50 390
60 390
70 390
80 390
90 390
100 390
110 390
120 390
130 390
140 390
150 390
160 390
170 390
180 390
190 390
200 390
210 390
220 390
230 390
240 390
250 390
260 390
270 390
280 390
290 390
300 390
310 390
320 390
330 390
340 390
350 390
360 390
370 390
380 390
390 390
400 390
410 390
420 390
430 390
440 390
450 390
460 390
470 390
480 390
490 390
0 400
10 400
20 400
30 400
40 400
50 400
60 400
70 400
80 400
90 400
100 400
110 400
120 400
130 400
140 400
150 400
160 400
170 400
180 400
190 400
200 400
210 400
220 400
230 400
240 400
250 400
260 400
270 400
280 400
290 400
300 400
310 400
320 400
330 400
340 400
350 400
360 400
370 400
380 400
390 400
400 400
410 400
420 400
430 400
440 400
450 400
460 400
470 400
480 400
490 400
0 410
10 410
20 410
30 410
40 410
50 410
60 410
70 410
80 410
90 410
100 410
110 410
120 410
130 410
140 410
150 410
160 410
170 410
180 410
190 410
200 410
210 410
220 410
230 410
240 410
250 410
260 410
270 410
280 410
290 410
300 410
310 410
320 410
330 410
340 410
350 410
360 410
370 410
380 410
390 410
400 410
410 410
420 410
430 410
440 410
450 410
460 410
470 410
480 410
490 410
0 420
10 420
20 420
30 420
40 420
50 420
60 420
70 420
80 420
90 420
100 420
110 420
120 420
130 420
140 420
150 420
160 420
170 420
180 420
190 420
200 420
210 420
220 420
230 420
240 420
250 420
260 420
270 420
280 420
290 420
300 420
310 420
320 420
330 420
340 420
350 420
360 420
370 420
380 420
390 420
400 420
410 420
420 420
430 420
440 420
450 420
460 420
470 420
480 420
490 420
0 430
10 430
20 430
30 430
40 430
50 430
60 430
70 430
80 430
90 430
100 430
110 430
120 430
130 430
140 430
150 430
160 430
170 430
180 430
190 430
200 430
210 430
220 430
230 430
240 430
250 430
260 430
270 430
280 430
290 430
300 430
310 430
320 430
330 430
340 430
350 430
360 430
370 430
380 430
390 430
400 430
410 430
420 430
430 430
440 430
450 430
460 430
470 430
480 430
490 430
0 440
10 440
20 440
30 440
40 440
50 440
60 440
70 440
80 440
90 440
100 440
110 440
120 440
130 440
140 440
150 440
160 440
170 440
180 440
190 440
200 440
210 440
220 440
230 440
240 440
250 440
260 440
270 440
280 440
290 440
300 440
310 440
320 440
330 440
340 440
350 440
360 440
370 440
380 440
390 440
400 440
410 440
420 440
430 440
440 440
450 440
460 440
470 440
480 440
490 440
0 450
10 450
20 450
30 450
40 450
50 450
60 450
70 450
80 450
90 450
100 450
110 450
120 450
130 450
140 450
150 450
160 450
170 450
180 450
190 450
200 450
210 450
220 450
230 450
240 450
250 450
260 450
270 450
280 450
290 450
300 450
310 450
320 450
330 450
340 450
350 450
360 450
370 450
380 450
390 450
400 450
410 450
420 450
430 450
440 450
450 450
460 450
470 450
480 450
490 450
0 460
10 460
20 460
30 460
40 460
50 460
60 460
70 460
80 460
90 460
100 460
110 460
120 460
130 460
140 460
150 460
160 460
170 460
180 460
190 460
200 460
210 460
220 460
230 460
240 460
250 460
260 460
270 460
280 460
290 460
300 460
310 460
320 460
330 460
340 460
350 460
360 460
370 460
380 460
390 460
400 460
410 460
420 460
430 460
440 460
450 460
460 460
470 460
480 460
490 460
0 470
10 470
20 470
30 470
40 470
50 470
60 470
70 470
80 470
90 470
100 470
110 470
120 470
130 470
140 470
150 470
160 470
170 470
180 470
190 470
200 470
210 470
220 470
230 470
240 470
250 470
260 470
270 470
280 470
290 470
300 470
310 470
320 470
330 470
340 470
350 470
360 470
370 470
380 470
390 470
400 470
410 470
420 470
430 470
440 470
450 470
460 470
470 470
480 470
490 470
0 480
10 480
20 480
30 480
40 480
50 480
60 480
70 480
80 480
90 480
100 480
110 480
120 480
130 480
140 480
150 480
160 480
170 480
180 480
190 480
200 480
210 480
220 480
230 480
240 480
250 480
260 480
270 480
280 480
290 480
300 480
310 480
320 480
330 480
340 480
350 480
360 480
370 480
380 480
390 480
400 480
410 480
420 480
430 480
440 480
450 480
460 480
470 480
480 480
490 480
0 490
10 490
20 490
30 490
40 490
50 490
60 490
70 490
80 490
90 490
100 490
110 490
120 490
130 490
140 490
150 490
160 490
170 490
180 490
190 490
200 490
210 490
220 490
230 490
240 490
250 490
260 490
270 490
280 490
290 490
300 490
310 490
320 490
330 490
340 490
350 490
360 490
370 490
380 490
390 490
400 490
410 490
420 490
430 490
440 490
450 490
460 490
470 490
480 490
490 490
5 55
15 55
25 55
35 55
45 55
55 55
65 55
75 55
85 55
95 55
105 55
115 55
125 55
135 55
145 55
155 55
165 55
175 55
185 55
195 55
205 55
215 55
225 55
235 55
245 55
255 55
265 55
275 55
285 55
295 55
305 55
315 55
325 55
335 55
345 55
355 55
365 55
375 55
385 55
395 55
405 55
415 55
425 55
435 55
445 55
455 55
465 55
475 55
485 55
495 55
5 65
15 65
25 65
35 65
45 65
55 65
65 65
75 65
85 65
95 65
105 65
115 65
125 65
135 65
145 65
155 65
165 65
175 65
185 65
195 65
205 65
215 65
225 65
235 65
245 65
255 65
265 65
275 65
285 65
295 65
305 65
315 65
325 65
335 65
345 65
355 65
365 65
375 65
385 65
395 65
405 65
415 65
425 65
435 65
445 65
455 65
465 65
475 65
485 65
495 65
5 75
15 75
25 75
35 75
45 75
55 75
65 75
75 75
85 75
95 75
105 75
115 75
125 75
135 75
145 75
155 75
165 75
175 75
185 75
195 75
205 75
215 75
225 75
235 75
245 75
255 75
265 75
275 75
285 75
295 75
305 75
315 75
325 75
335 75
345 75
355 75
365 75
375 75
385 75
395 75
405 75
415 75
425 75
435 75
445 75
455 75
465 75
475 75
485 75
495 75
5 85
15 85
25 85
35 85
45 85
55 85
65 85
75 85
85 85
95 85
105 85
115 85
125 85
135 85
145 85
155 85
165 85
175 85
185 85
195 85
205 85
215 85
225 85
235 85
245 85
255 85
265 85
275 85
285 85
295 85
305 85
315 85
325 85
335 85
345 85
355 85
365 85
375 85
385 85
395 85
405 85
415 85
425 85
435 85
445 85
455 85
465 85
475 85
485 85
495 85
5 95
15 95
25 95
35 95
45 95
55 95
65 95
75 95
85 95
95 95
105 95
115 95
125 95
135 95
145 95
155 95
165 95
175 95
185 95
195 95
205 95
215 95
225 95
235 95
245 95
255 95
265 95
275 95
285 95
295 95
305 95
315 95
325 95
335 95
345 95
355 95
365 95
375 95
385 95
395 95
405 95
415 95
425 95
435 95
445 95
455 95
465 95
475 95
485 95
495 95
5 105
15 105
25 105
35 105
45 105
55 105
65 105
75 105
85 105
95 105
105 105
115 105
125 105
135 105
145 105
155 105
165 105
175 105
185 105
195 105
205 105
215 105
225 105
235 105
245 105
255 105
265 105
275 105
285 105
295 105
305 105
315 105
325 105
335 105
345 105
355 105
365 105
375 105
385 105
395 105
405 105
415 105
425 105
435 105
445 105
455 105
465 105
475 105
485 105
495 105
5 115
15 115
25 115
35 115
45 115
55 115
65 115
75 115
85 115
95 115
105 115
115 115
125 115
135 115
145 115
155 115
165 115
175 115
185 115
195 115
205 115
215 115
225 115
235 115
245 115
255 115
265 115
275 115
285 115
295 115
305 115
315 115
325 115
335 115
345 115
355 115
365 115
375 115
385 115
395 115
405 115
415 115
425 115
435 115
445 115
455 115
465 115
475 115
485 115
495 115
5 125
15 125
25 125
35 125
45 125
55 125
65 125
75 125
85 125
95 125
105 125
115 125
125 125
135 125
145 125
155 125
165 125
175 125
185 125
195 125
205 125
215 125
225 125
235 125
245 125
255 125
265 125
275 125
285 125
295 125
305 125
315 125
325 125
335 125
345 125
355 125
365 125
375 125
385 125
395 125
405 125
415 125
425 125
435 125
445 125
455 125
465 125
475 125
485 125
495 125
5 135
15 135
25 135
35 135
45 135
55 135
65 135
75 135
85 135
95 135
105 135
115 135
125 135
135 135
145 135
155 135
165 135
175 135
185 135
195 135
205 135
215 135
225 135
235 135
245 135
255 135
265 135
275 135
285 135
295 135
305 135
315 135
325 135
335 135
345 135
355 135
365 135
375 135
385 135
395 135
405 135
415 135
425 135
435 135
445 135
455 135
465 135
475 135
485 135
495 135
5 145
15 145
25 145
35 145
45 145
55 145
65 145
75 145
85 145
95 145
105 145
115 145
125 145
135 145
145 145
155 145
165 145
175 145
185 145
195 145
205 145
215 145
225 145
235 145
245 145
255 145
265 145
275 145
285 145
295 145
305 145
315 145
325 145
335 145
345 145
355 145
365 145
375 145
385 145
395 145
405 145
415 145
425 145
435 145
445 145
455 145
465 145
475 145
485 145
495 145
5 155
15 155
25 155
35 155
45 155
55 155
65 155
75 155
85 155
95 155
105 155
115 155
125 155
135 155
145 155
155 155
165 155
175 155
185 155
195 155
205 155
215 155
225 155
235 155
245 155
255 155
265 155
275 155
285 155
295 155
305 155
315 155
325 155
335 155
345 155
355 155
365 155
375 155
385 155
395 155
405 155
415 155
425 155
435 155
445 155
455 155
465 155
475 155
485 155
495 155
5 165
15 165
25 165
35 165
45 165
55 165
65 165
75 165
85 165
95 165
105 165
115 165
125 165
135 165
145 165
155 165
165 165
175 165
185 165
195 165
205 165
215 165
225 165
235 165
245 165
255 165
265 165
275 165
285 165
295 165
305 165
315 165
325 165
335 165
345 165
355 165
365 165
375 165
385 165
395 165
405 165
415 165
425 165
435 165
445 165
455 165
465 165
475 165
485 165
495 165
5 175
15 175
25 175
35 175
45 175
55 175
65 175
75 175
85 175
95 175
105 175
115 175
125 175
135 175
145 175
155 175
165 175
175 175
185 175
195 175
205 175
215 175
225 175
235 175
245 175
255 175
265 175
275 175
285 175
295 175
305 175
315 175
325 175
335 175
345 175
355 175
365 175
375 175
385 175
395 175
405 175
415 175
425 175
435 175
445 175
455 175
465 175
475 175
485 175
495 175
5 185
15 185
25 185
35 185
45 185
55 185
65 185
75 185
85 185
95 185
105 185
115 185
125 185
135 185
145 185
155 185
165 185
175 185
185 185
195 185
205 185
215 185
225 185
235 185
245 185
255 185
265 185
275 185
285 185
295 185
305 185
315 185
325 185
335 185
345 185
355 185
365 185
375 185
385 185
395 185
405 185
415 185
425 185
435 185
445 185
455 185
465 185
475 185
485 185
495 185
5 195
15 195
25 195
35 195
45 195
55 195
65 195
75 195
85 195
95 195
105 195
115 195
125 195
135 195
145 195
155 195
165 195
175 195
185 195
195 195
205 195
215 195
225 195
235 195
245 195
255 195
265 195
275 195
285 195
295 195
305 195
315 195
325 195
335 195
345 195
355 195
365 195
375 195
385 195
395 195
405 195
415 195
425 195
435 195
445 195
455 195
465 195
475 195
485 195
495 195
5 205
15 205
25 205
35 205
45 205
55 205
65 205
75 205
85 205
95 205
105 205
115 205
125 205
135 205
145 205
155 205
165 205
175 205
185 205
195 205
205 205
215 205
225 205
235 205
245 205
255 205
265 205
275 205
285 205
295 205
305 205
315 205
325 205
335 205
345 205
355 205
365 205
375 205
385 205
395 205
405 205
415 205
425 205
435 205
445 205
455 205
465 205
475 205
485 205
495 205
5 215
15 215
25 215
35 215
45 215
55 215
65 215
75 215
85 215
95 215
105 215
115 215
125 215
135 215
145 215
155 215
165 215
175 215
185 215
195 215
205 215
215 215
225 215
235 215
245 215
255 215
265 215
275 215
285 215
295 215
305 215
315 215
325 215
335 215
345 215
355 215
365 215
375 215
385 215
395 215
405 215
415 215
425 215
435 215
445 215
455 215
465 215
475 215
485 215
495 215
5 225
15 225
25 225
35 225
45 225
55 225
65 225
75 225
85 225
95 225
105 225
115 225
125 225
135 225
145 225
155 225
165 225
175 225
185 225
195 225
205 225
215 225
225 225
235 225
245 225
255 225
265 225
275 225
285 225
295 225
305 225
315 225
325 225
335 225
345 225
355 225
365 225
375 225
385 225
395 225
405 225
415 225
425 225
435 225
445 225
455 225
465 225
475 225
485 225
495 225
5 235
15 235
25 235
35 235
45 235
55 235
65 235
75 235
85 235
95 235
105 235
115 235
125 235
135 235
145 235
155 235
165 235
175 235
185 235
195 235
205 235
215 235
225 235
235 235
245 235
255 235
265 235
275 235
285 235
295 235
305 235
315 235
325 235
335 235
345 235
355 235
365 235
375 235
385 235
395 235
405 235
415 235
425 235
435 235
445 235
455 235
465 235
475 235
485 235
495 235
5 245
15 245
25 245
35 245
45 245
55 245
65 245
75 245
85 245
95 245
105 245
115 245
125 245
135 245
145 245
155 245
165 245
175 245
185 245
195 245
205 245
215 245
225 245
235 245
245 245
255 245
265 245
275 245
285 245
295 245
305 245
315 245
325 245
335 245
345 245
355 245
365 245
375 245
385 245
395 245
405 245
415 245
425 245
435 245
445 245
455 245
465 245
475 245
485 245
495 245
5 255
15 255
25 255
35 255
45 255
55 255
65 255
75 255
85 255
95 255
105 255
115 255
125 255
135 255
145 255
155 255
165 255
175 255
185 255
195 255
205 255
215 255
225 255
235 255
245 255
255 255
265 255
275 255
285 255
295 255
305 255
315 255
325 255
335 255
345 255
355 255
365 255
375 255
385 255
395 255
405 255
415 255
425 255
435 255
445 255
455 255
465 255
475 255
485 255
495 255
5 265
15 265
25 265
35 265
45 265
55 265
65 265
75 265
85 265
95 265
105 265
115 265
125 265
135 265
145 265
155 265
165 265
175 265
185 265
195 265
205 265
215 265
225 265
235 265
245 265
255 265
265 265
275 265
285 265
295 265
305 265
315 265
325 265
335 265
345 265
355 265
365 265
375 265
385 265
395 265
405 265
415 265
425 265
435 265
445 265
455 265
465 265
475 265
485 265
495 265
5 275
15 275
25 275
35 275
45 275
55 275
65 275
75 275
85 275
95 275
105 275
115 275
125 275
135 275
145 275
155 275
165 275
175 275
185 275
195 275
205 275
215 275
225 275
235 275
245 275
255 275
265 275
275 275
285 275
295 275
305 275
315 275
325 275
335 275
345 275
355 275
365 275
375 275
385 275
395 275
405 275
415 275
425 275
435 275
445 275
455 275
465 275
475 275
485 275
495 275
5 285
15 285
25 285
35 285
45 285
55 285
65 285
75 285
85 285
95 285
105 285
115 285
125 285
135 285
145 285
155 285
165 285
175 285
185 285
195 285
205 285
215 285
225 285
235 285
245 285
255 285
265 285
275 285
285 285
295 285
305 285
315 285
325 285
335 285
345 285
355 285
365 285
375 285
385 285
395 285
405 285
415 285
425 285
435 285
445 285
455 285
465 285
475 285
485 285
495 285
5 295
15 295
25 295
35 295
45 295
55 295
65 295
75 295
85 295
95 295
105 295
115 295
125 295
135 295
145 295
155 295
165 295
175 295
185 295
195 295
205 295
215 295
225 295
235 295
245 295
255 295
265 295
275 295
285 295
295 295
305 295
315 295
325 295
335 295
345 295
355 295
365 295
375 295
385 295
395 295
405 295
415 295
425 295
435 295
445 295
455 295
465 295
475 295
485 295
495 295
5 305
15 305
25 305
35 305
45 305
55 305
65 305
75 305
85 305
95 305
105 305
115 305
125 305
135 305
145 305
155 305
165 305
175 305
185 305
195 305
205 305
215 305
225 305
235 305
245 305
255 305
265 305
275 305
285 305
295 305
305 305
315 305
325 305
335 305
345 305
355 305
365 305
375 305
385 305
395 305
405 305
415 305
425 305
435 305
445 305
455 305
465 305
475 305
485 305
495 305
5 315
15 315
25 315
35 315
45 315
55 315
65 315
75 315
85 315
95 315
105 315
115 315
125 315
135 315
145 315
155 315
165 315
175 315
185 315
195 315
205 315
215 315
225 315
235 315
245 315
255 315
265 315
275 315
285 315
295 315
305 315
315 315
325 315
335 315
345 315
355 315
365 315
375 315
385 315
395 315
405 315
415 315
425 315
435 315
445 315
455 315
465 315
475 315
485 315
495 315
5 325
15 325
25 325
35 325
45 325
55 325
65 325
75 325
85 325
95 325
105 325
115 325
125 325
135 325
145 325
155 325
165 325
175 325
185 325
195 325
205 325
215 325
225 325
235 325
245 325
255 325
265 325
275 325
285 325
295 325
305 325
315 325
325 325
335 325
345 325
355 325
365 325
375 325
385 325
395 325
405 325
415 325
425 325
435 325
445 325
455 325
465 325
475 325
485 325
495 325
5 335
15 335
25 335
35 335
45 335
55 335
65 335
75 335
85 335
95 335
105 335
115 335
125 335
135 335
145 335
155 335
165 335
175 335
185 335
195 335
205 335
215 335
225 335
235 335
245 335
255 335
265 335
275 335
285 335
295 335
305 335
315 335
325 335
335 335
345 335
355 335
365 335
375 335
385 335
395 335
405 335
415 335
425 335
435 335
445 335
455 335
465 335
475 335
485 335
495 335
5 345
15 345
25 345
35 345
45 345
55 345
65 345
75 345
85 345
95 345
105 345
115 345
125 345
135 345
145 345
155 345
165 345
175 345
185 345
195 345
205 345
215 345
225 345
235 345
245 345
255 345
265 345
275 345
285 345
295 345
305 345
315 345
325 345
335 345
345 345
355 345
365 345
375 345
385 345
395 345
405 345
415 345
425 345
435 345
445 345
455 345
465 345
475 345
485 345
495 345
5 355
15 355
25 355
35 355
45 355
55 355
65 355
75 355
85 355
95 355
105 355
115 355
125 355
135 355
145 355
155 355
165 355
175 355
185 355
195 355
205 355
215 355
225 355
235 355
245 355
255 355
265 355
275 355
285 355
295 355
305 355
315 355
325 355
335 355
345 355
355 355
365 355
375 355
385 355
395 355
405 355
415 355
425 355
435 355
445 355
455 355
465 355
475 355
485 355
495 355
5 365
15 365
25 365
35 365
45 365
55 365
65 365
75 365
85 365
95 365
105 365
115 365
125 365
135 365
145 365
155 365
165 365
175 365
185 365
195 365
205 365
215 365
225 365
235 365
245 365
255 365
265 365
275 365
285 365
295 365
305 365
315 365
325 365
335 365
345 365
355 365
365 365
375 365
385 365
395 365
405 365
415 365
425 365
435 365
445 365
455 365
465 365
475 365
485 365
495 365
5 375
15 375
25 375
35 375
45 375
55 375
65 375
75 375
85 375
95 375
105 375
115 375
125 375
135 375
145 375
155 375
165 375
175 375
185 375
195 375
205 375
215 375
225 375
235 375
245 375
255 375
265 375
275 375
285 375
295 375
305 375
315 375
325 375
335 375
345 375
355 375
365 375
375 375
385 375
395 375
405 375
415 375
425 375
435 375
445 375
455 375
465 375
475 375
485 375
495 375
5 385
15 385
25 385
35 385
45 385
55 385
65 385
75 385
85 385
95 385
105 385
115 385
125 385
135 385
145 385
155 385
165 385
175 385
185 385
195 385
205 385
215 385
225 385
235 385
245 385
255 385
265 385
275 385
285 385
295 385
305 385
315 385
325 385
335 385
345 385
355 385
365 385
375 385
385 385
395 385
405 385
415 385
425 385
435 385
445 385
455 385
465 385
475 385
485 385
495 385
5 395
15 395
25 395
35 395
45 395
55 395
65 395
75 395
85 395
95 395
105 395
115 395
125 395
135 395
145 395
155 395
165 395
175 395
185 395
195 395
205 395
215 395
225 395
235 395
245 395
255 395
265 395
275 395
285 395
295 395
305 395
315 395
325 395
335 395
345 395
355 395
365 395
375 395
385 395
395 395
405 395
415 395
425 395
435 395
445 395
455 395
465 395
475 395
485 395
495 395
5 405
15 405
25 405
35 405
45 405
55 405
65 405
75 405
85 405
95 405
105 405
115 405
125 405
135 405
145 405
155 405
165 405
175 405
185 405
195 405
205 405
215 405
225 405
235 405
245 405
255 405
265 405
275 405
285 405
295 405
305 405
315 405
325 405
335 405
345 405
355 405
365 405
375 405
385 405
395 405
405 405
415 405
425 405
435 405
445 405
455 405
465 405
475 405
485 405
495 405
5 415
15 415
25 415
35 415
45 415
55 415
65 415
75 415
85 415
95 415
105 415
115 415
125 415
135 415
145 415
155 415
165 415
175 415
185 415
195 415
205 415
215 415
225 415
235 415
245 415
255 415
265 415
275 415
285 415
295 415
305 415
315 415
325 415
335 415
345 415
355 415
365 415
375 415
385 415
395 415
405 415
415 415
425 415
435 415
445 415
455 415
465 415
475 415
485 415
495 415
5 425
15 425
25 425
35 425
45 425
55 425
65 425
75 425
85 425
95 425
105 425
115 425
125 425
135 425
145 425
155 425
165 425
175 425
185 425
195 425
205 425
215 425
225 425
235 425
245 425
255 425
265 425
275 425
285 425
295 425
305 425
315 425
325 425
335 425
345 425
355 425
365 425
375 425
385 425
395 425
405 425
415 425
425 425
435 425
445 425
455 425
465 425
475 425
485 425
495 425
5 435
15 435
25 435
35 435
45 435
55 435
65 435
75 435
85 435
95 435
105 435
115 435
125 435
135 435
145 435
155 435
165 435
175 435
185 435
195 435
205 435
215 435
225 435
235 435
245 435
255 435
265 435
275 435
285 435
295 435
305 435
315 435
325 435
335 435
345 435
355 435
365 435
375 435
385 435
395 435
405 435
415 435
425 435
435 435
445 435
455 435
465 435
475 435
485 435
495 435
5 445
15 445
25 445
35 445
45 445
55 445
65 445
75 445
85 445
95 445
105 445
115 445
125 445
135 445
145 445
155 445
165 445
175 445
185 445
195 445
205 445
215 445
225 445
235 445
245 445
255 445
265 445
275 445
285 445
295 445
305 445
315 445
325 445
335 445
345 445
355 445
365 445
375 445
385 445
395 445
405 445
415 445
425 445
435 445
445 445
455 445
465 445
475 445
485 445
495 445
5 455
15 455
25 455
35 455
45 455
55 455
65 455
75 455
85 455
95 455
105 455
115 455
125 455
135 455
145 455
155 455
165 455
175 455
185 455
195 455
205 455
215 455
225 455
235 455
245 455
255 455
265 455
275 455
285 455
295 455
305 455
315 455
325 455
335 455
345 455
355 455
365 455
375 455
385 455
395 455
405 455
415 455
425 455
435 455
445 455
455 455
465 455
475 455
485 455
495 455
5 465
15 465
25 465
35 465
45 465
55 465
65 465
75 465
85 465
95 465
105 465
115 465
125 465
135 465
145 465
155 465
165 465
175 465
185 465
195 465
205 465
215 465
225 465
235 465
245 465
255 465
265 465
275 465
285 465
295 465
305 465
315 465
325 465
335 465
345 465
355 465
365 465
375 465
385 465
395 465
405 465
415 465
425 465
435 465
445 465
455 465
465 465
475 465
485 465
495 465
5 475
15 475
25 475
35 475
45 475
55 475
65 475
75 475
85 475
95 475
105 475
115 475
125 475
135 475
145 475
155 475
165 475
175 475
185 475
195 475
205 475
215 475
225 475
235 475
245 475
255 475
265 475
275 475
285 475
295 475
305 475
315 475
325 475
335 475
345 475
355 475
365 475
375 475
385 475
395 475
405 475
415 475
425 475
435 475
445 475
455 475
465 475
475 475
485 475
495 475
5 485
15 485
25 485
35 485
45 485
55 485
65 485
75 485
85 485
95 485
105 485
115 485
125 485
135 485
145 485
155 485
165 485
175 485
185 485
195 485
205 485
215 485
225 485
235 485
245 485
255 485
265 485
275 485
285 485
295 485
305 485
315 485
325 485
335 485
345 485
355 485
365 485
375 485
385 485
395 485
405 485
415 485
425 485
435 485
445 485
455 485
465 485
475 485
485 485
495 485
5 495
15 495
25 495
35 495
45 495
55 495
65 495
75 495
85 495
95 495
105 495
115 495
125 495
135 495
145 495
155 495
165 495
175 495
185 495
195 495
205 495
215 495
225 495
235 495
245 495
255 495
265 495
275 495
285 495
295 495
305 495
315 495
325 495
335 495
345 495
355 495
365 495
375 495
385 495
395 495
405 495
415 495
425 495
435 495
445 495
455 495
465 495
475 495
485 495
495 495
