1.5 1.5
4.5 1.5
7.5 1.5
10.5 1.5
13.5 1.5
16.5 1.5
19.5 1.5
22.5 1.1
25.5 1.5
28.5 1.5
1.5 4.5
4.5 4.5
7.5 4.5
10.5 4.5
13.4 4.5
16.5 4.5
19.5 4.5
22.5 4.5
25.5 4.5
28.5 4.5
1.5 7.5
4.5 7.5
7.5 7.5
10.5 7.5
13.5 7.5
16.5 7.5
19.5 7.5
22.8 7.5
25.5 7.5
28.5 7.5
1.5 10.5
4.5 10.5
7.5 10.5
10.5 10.5
13.5 10.5
16.5 10.5
19.5 10.5
22.5 10.5
25.5 10.5
28.5 10.5
1.5 13.5
4.5 13.5
7.5 13.5
10.7 13.5
13.5 13.5
16.5 13.5
19.5 13.5
22.5 13.5
25.5 13.5
28.5 13.5
1.5 16.5
4.5 16.5
7.5 16.5
10.5 16.5
13.5 16.5
16.5 16.5
19.5 16.5
22.5 16.5
25.5 16.5
28.5 16.5
1.5 19.5
4.5 19.5
7.5 19.5
10.5 19.5
13.5 19.5
16.5 19.5
19.5 19.5
22.5 19.5
25.5 19.5
28.5 19.5
1.5 22.5
4.4 22.5
7.5 22.5
10.5 22.7
13.5 22.5
16.5 22.5
20 22.5
22.1 22.5
25.5 22.5
28.5 22.6
1.5 25.5
4.5 25.5
7.5 25.5
10.5 25.5
13.5 25.5
16.5 25.5
19.5 25.5
22.5 25.5
25.5 25.5
28.8 25.5
1.5 28.5
4.5 28.5
7.5 28.5
10.5 28.5
13.5 28.5
16.5 28.5
19.5 28.5
22.5 28.5
25.5 28.5
28.5 28.5
1.5 1.5
4.5 1.5
7.5 1.5
10.5 1.5
13.5 1.5
16.5 1.5
19.5 1.5
22.5 1.5
25.5 1.5
1.5 4.5
4.5 4.5
7.5 4.5
10.5 4.5
13.5 4.5
16.5 4.5
19.5 4.5
22.5 4.5
25.5 4.5
1.5 7.5
4.5 7.5
7.5 7.5
10.5 7.5
13.5 7.5
16.5 7.5
19.5 7.5
22.5 7.5
25.5 7.5
1.5 10.5
4.5 10.5
7.5 10.5
10.5 10.5
13.5 10.5
16.5 10.5
19.5 10.5
22.5 10.5
25.5 10.5
1.5 13.5
4.5 13.5
7.5 13.5
10.5 13.5
13.5 13.5
16.5 13.5
19.5 13.5
22.5 13.5
25.5 13.5
1.5 16.5
4.5 16.5
7.5 16.5
10.5 16.5
13.5 16.5
16.5 16.5
19.5 16.5
22.5 16.5
25.5 16.5
1.5 19.5
4.5 19.5
7.5 19.5
10.5 19.5
13.5 19.5
16.5 19.5
19.5 19.5
22.5 19.5
25.5 19.5
1.5 22.5
4.5 22.5
7.5 22.5
10.5 22.5
13.5 22.5
16.5 22.5
19.5 22.5
22.5 22.5
25.5 22.5
1.5 25.5
4.5 25.5
7.5 25.5
10.5 25.5
13.5 25.5
16.5 25.5
19.5 25.5
22.5 25.5
25.5 25.5
