0.0 0.0
20.0 0.0
40.0 0.0
60.0 0.0
79.7 0.0
100.0 0.2
120.0 0.0
140.0 -0.4
160.0 0.0
180.0 0.0
200.0 0.0
220.0 -0.2
240.0 0.0
260.0 0.0
280.0 0.0
300.0 0.0
320.0 0.0
340.0 0.0
360.5 0.0
380.0 0.0
400.0 -0.3
420.0 0.0
440.0 0.0
460.0 0.0
480.0 0.0
0.0 10.0
20.0 9.2
40.0 10.0
60.0 10.0
80.0 10.5
100.0 10.0
120.0 10.0
140.0 10.8
160.0 10.0
180.0 10.0
200.0 10.0
220.0 10.0
240.0 10.0
260.0 9.8
280.0 10.0
300.0 10.0
320.0 10.0
340.0 10.7
360.0 10.0
380.0 10.0
400.0 10.0
420.0 10.0
440.0 10.0
460.0 10.0
480.0 10.0
0.0 20.0
20.0 19.6
40.0 20.0
60.0 20.0
80.0 20.0
100.0 20.0
120.0 20.0
140.9 20.0
160.0 20.0
179.2 20.0
200.0 20.0
220.0 20.9
240.0 20.0
260.0 20.0
280.0 20.0
299.9 20.0
320.0 20.0
340.0 20.0
360.0 20.0
380.0 20.0
400.0 20.0
420.0 20.9
440.0 20.0
460.0 20.0
480.0 20.0
0.0 30.0
20.0 30.0
40.0 30.0
60.0 30.0
80.0 29.0
100.0 30.0
120.0 30.0
140.0 30.0
160.0 30.0
180.0 30.0
200.0 30.0
220.0 30.0
240.0 30.0
259.9 30.0
280.0 30.0
300.0 30.0
320.0 30.0
340.0 30.4
360.0 30.0
380.0 30.0
400.0 30.0
420.0 30.0
440.0 30.0
460.0 30.0
480.0 30.0
0.0 40.0
20.0 40.0
40.0 40.0
60.0 40.0
80.0 40.0
100.0 40.0
120.0 39.5
140.0 40.0
160.0 40.0
180.0 40.0
200.0 40.0
220.0 40.0
240.0 40.0
260.0 39.2
280.0 40.0
300.0 40.0
320.0 40.0
340.0 40.0
360.0 40.0
380.0 40.0
400.0 40.0
419.4 40.0
440.8 40.0
460.0 40.0
480.0 40.0
0.0 50.0
21.0 50.0
40.0 50.0
60.0 50.0
80.0 50.0
100.0 50.0
120.0 50.0
140.0 50.0
160.0 50.0
180.0 50.0
200.0 50.0
220.0 50.0
240.6 50.0
260.0 50.0
280.0 50.0
300.0 50.0
320.0 50.0
340.0 50.0
360.0 50.0
380.9 50.0
400.0 50.0
420.0 50.0
441.0 50.0
460.0 50.0
480.0 50.0
0.0 60.5
20.0 60.0
40.0 60.0
60.0 60.0
80.1 60.0
100.0 60.0
120.0 60.0
140.0 60.0
160.0 60.0
180.0 60.0
200.0 60.0
220.0 60.9
240.0 60.0
260.0 60.0
280.0 60.0
300.0 60.0
320.0 60.0
340.0 60.3
360.0 60.0
380.0 60.0
400.0 60.0
420.0 60.0
440.0 59.2
460.0 60.0
480.0 60.0
0.0 70.0
20.0 70.0
40.0 70.0
60.0 70.0
80.0 70.0
99.0 70.0
120.0 70.0
140.6 70.0
160.0 70.0
180.0 70.0
200.0 70.0
220.0 70.0
240.0 70.0
260.0 70.0
280.0 70.0
300.0 70.0
320.0 70.0
340.0 70.0
360.0 70.0
380.0 70.0
400.0 70.0
420.0 70.0
440.0 70.0
460.0 70.0
480.0 70.0
0.0 80.0
20.0 80.0
40.0 80.0
60.0 80.0
80.0 80.0
100.0 80.0
120.0 80.0
140.0 80.0
160.0 80.0
180.0 80.0
200.0 80.0
220.0 80.0
240.0 80.0
260.0 80.0
280.9 80.0
300.0 80.0
320.0 80.0
340.0 80.0
360.0 80.0
380.0 80.0
400.0 80.0
420.0 80.0
440.0 79.3
460.0 80.0
480.0 80.0
0.0 90.0
20.0 90.0
40.0 90.0
60.5 90.0
80.0 90.0
100.0 90.0
120.0 90.0
140.0 90.0
160.0 90.0
180.0 90.0
200.0 90.0
220.0 90.0
240.0 90.0
260.0 90.0
280.0 90.0
300.0 90.0
320.0 90.0
339.6 90.0
360.0 90.0
380.0 90.0
400.0 90.0
420.0 90.0
440.0 90.0
460.0 90.0
480.0 89.7
0.0 100.0
20.0 100.0
40.0 100.0
60.0 100.0
80.3 100.0
100.0 100.0
120.0 100.0
140.0 100.0
160.0 100.0
180.0 100.0
200.0 100.0
220.0 100.0
240.0 100.0
260.0 100.0
280.0 100.0
300.0 100.0
320.0 100.0
340.0 100.0
360.0 99.5
380.0 100.0
400.0 100.0
420.0 100.0
440.0 100.0
460.0 100.0
480.0 100.0
0.0 110.0
20.0 110.0
40.0 110.0
60.0 110.0
80.0 110.0
100.0 110.0
120.0 110.0
140.0 110.3
159.9 110.0
180.0 110.0
200.0 110.0
220.0 110.0
240.0 110.0
260.0 110.0
280.0 110.0
300.7 110.0
320.0 110.0
340.0 110.0
360.0 110.0
380.0 110.0
399.4 110.0
420.0 110.0
440.0 110.0
460.0 110.0
479.1 110.0
0.0 120.0
20.0 120.0
40.0 120.0
60.0 120.0
80.0 120.0
100.0 120.0
120.0 120.0
139.2 120.0
160.0 119.3
180.0 120.0
200.0 120.0
220.0 120.0
240.0 120.0
260.0 120.0
280.0 120.0
300.0 120.0
320.0 120.4
340.0 120.0
360.0 120.0
380.0 120.0
400.0 120.0
420.7 120.0
440.0 120.0
460.0 120.0
480.0 120.0
0.0 130.0
20.0 130.0
40.0 130.0
60.0 130.9
80.0 129.3
100.0 130.0
120.0 130.0
140.0 130.0
160.0 130.0
180.0 130.0
200.0 130.0
220.0 130.0
240.0 130.0
259.8 130.0
280.0 130.9
300.0 129.4
320.0 130.0
340.0 130.0
360.0 129.5
380.0 130.0
400.0 130.0
420.0 130.0
440.0 130.0
460.0 130.0
480.0 130.0
0.0 140.0
20.0 140.0
40.0 140.0
60.0 140.0
80.0 140.0
100.0 140.0
120.0 140.4
140.0 140.0
160.0 140.0
180.0 140.0
200.0 140.0
220.0 140.0
240.0 140.0
260.0 140.3
280.0 140.0
300.0 140.0
320.0 140.0
340.0 140.0
360.0 140.0
380.0 140.0
400.0 140.0
420.0 140.0
440.0 140.0
460.0 140.0
480.0 140.0
0.0 150.0
20.0 150.0
40.0 150.0
60.0 150.0
80.0 150.0
100.0 150.0
120.0 150.0
140.0 150.0
160.0 150.0
180.0 150.0
200.0 149.2
219.0 150.0
239.6 150.0
260.0 150.0
280.0 150.0
300.0 150.0
320.0 150.0
340.0 150.0
360.0 150.0
380.0 150.0
400.0 150.0
420.0 150.0
440.0 150.3
460.0 150.0
479.4 150.0
0.0 160.0
20.0 160.0
40.0 160.0
60.0 160.0
80.6 160.0
100.0 160.0
120.0 159.1
140.0 160.0
160.0 160.0
180.0 160.0
200.0 160.0
220.0 160.0
240.0 160.0
259.1 160.0
280.0 159.2
300.0 160.0
320.0 160.0
340.0 160.0
360.0 160.0
380.0 160.0
400.0 160.0
420.0 160.1
440.0 160.0
460.0 160.0
480.0 160.0
0.0 170.0
20.0 170.0
40.0 170.0
60.0 169.1
80.0 170.0
100.0 170.0
120.0 170.0
140.0 170.0
160.0 170.0
180.0 170.0
200.0 170.0
220.0 170.9
240.0 170.0
259.4 170.0
280.0 170.0
300.0 170.0
320.0 170.0
340.0 170.0
360.0 170.0
380.0 169.7
400.0 170.0
420.0 170.0
440.0 170.0
460.0 170.0
480.0 169.4
0.0 180.0
20.0 180.0
40.0 180.0
59.3 180.0
80.0 180.0
100.0 180.7
120.0 180.0
140.0 180.0
160.0 180.0
180.0 180.9
200.0 180.0
220.0 180.0
240.0 180.0
260.0 180.0
280.0 180.0
300.0 180.0
320.0 180.0
340.0 180.0
360.0 180.0
380.0 180.0
400.0 180.0
419.7 180.0
440.0 180.0
459.2 180.0
480.0 180.0
0.0 190.0
20.0 190.0
40.0 190.0
60.3 190.0
80.0 190.0
100.0 190.0
119.5 190.0
140.0 190.0
160.0 189.2
180.0 190.0
200.0 190.0
220.0 190.0
240.0 190.0
260.0 190.0
280.0 190.0
300.0 190.0
320.0 190.0
340.0 190.0
360.0 190.0
380.0 190.0
399.0 190.0
420.0 190.0
440.0 189.4
460.0 190.0
480.0 190.0
0.0 200.1
20.0 200.0
40.0 200.0
59.7 200.0
80.0 200.0
100.0 199.0
120.0 200.0
140.0 200.0
160.0 200.0
180.0 200.0
200.8 200.0
220.0 200.0
240.0 200.0
260.0 200.0
280.0 199.0
301.0 200.0
320.0 200.0
340.0 200.0
360.0 200.0
380.0 200.0
400.1 200.0
420.0 200.2
440.0 200.0
460.0 200.0
480.0 200.0
-0.1 210.0
20.0 210.0
40.0 210.0
60.0 210.0
80.0 210.0
100.0 210.2
120.0 210.0
140.0 210.0
160.0 210.0
180.0 210.0
200.0 210.0
220.0 209.6
240.0 210.0
260.0 210.0
280.0 210.0
300.0 210.0
320.0 210.0
340.0 210.0
360.0 210.0
380.0 210.0
400.0 210.0
419.8 210.0
440.0 210.0
460.0 210.0
480.0 210.0
-0.6 220.0
20.0 220.0
40.0 220.0
60.0 220.0
80.0 220.7
100.0 220.0
120.0 220.0
140.0 220.0
160.0 220.0
180.0 220.0
200.0 220.0
220.0 220.0
240.0 220.0
260.0 220.0
280.0 220.0
300.0 220.0
320.0 220.0
340.0 220.0
360.0 220.0
380.0 220.3
400.0 220.0
420.0 220.0
440.0 220.0
460.0 221.0
480.0 220.0
-0.9 230.0
20.0 230.0
41.0 230.0
60.0 230.0
80.0 230.0
100.0 230.0
120.0 230.0
140.0 230.0
160.0 230.0
180.0 230.0
200.0 230.0
220.7 230.0
239.0 230.0
260.0 230.0
280.0 230.0
300.0 230.0
320.0 230.0
340.0 230.0
360.1 230.0
380.0 230.0
400.0 230.0
420.0 230.0
440.0 230.0
460.0 230.0
479.2 230.0
0.0 240.0
20.0 240.0
40.0 240.0
60.0 240.0
80.0 240.0
100.0 240.0
120.0 240.0
140.0 240.0
160.0 240.9
180.0 240.0
200.0 240.0
220.0 240.0
240.0 240.0
260.0 240.0
280.0 240.2
300.0 240.0
320.0 240.0
340.0 240.2
360.0 240.0
380.0 240.2
400.0 240.0
420.7 240.0
440.0 240.0
460.0 241.0
480.0 240.0
0.0 250.0
20.0 250.3
40.0 250.0
59.7 250.0
79.7 250.0
100.0 250.0
121.0 250.0
140.0 250.0
160.0 250.0
180.0 250.0
200.0 250.0
220.0 250.0
240.0 250.0
260.0 250.0
280.5 250.0
300.0 250.0
320.0 250.0
340.0 250.3
360.0 250.0
380.0 249.6
400.0 250.0
420.0 249.6
440.0 250.0
460.0 250.0
480.0 250.0
0.0 260.0
20.0 260.0
40.0 260.0
60.0 261.0
80.0 260.0
100.0 260.0
120.0 260.0
140.0 260.0
160.0 260.0
180.0 260.0
200.0 260.0
220.0 260.0
240.0 260.0
260.0 260.0
280.0 260.0
300.0 260.5
320.0 260.0
340.0 260.0
360.0 260.0
380.0 260.0
400.0 260.0
420.0 260.0
440.0 260.0
460.0 260.0
480.0 260.0
0.0 270.0
20.0 270.0
40.0 270.0
60.0 270.0
80.0 270.0
100.0 270.0
120.0 270.0
140.0 270.0
160.0 270.0
180.0 270.0
200.0 270.0
220.0 270.0
239.9 270.0
260.0 269.6
280.0 270.0
300.0 270.0
320.0 270.0
340.0 270.0
360.0 270.0
380.0 270.0
399.9 270.0
420.0 270.0
440.0 270.0
460.0 270.0
480.0 270.0
0.0 280.0
20.0 280.0
40.0 280.0
60.0 280.0
80.0 280.0
99.4 280.0
120.0 280.0
140.2 280.0
159.9 280.0
180.0 280.0
200.0 280.0
220.0 280.0
240.0 280.0
260.0 280.0
280.0 280.0
300.6 280.0
320.0 280.0
340.0 280.0
359.0 280.0
380.0 280.0
400.0 280.0
420.0 280.0
440.0 280.0
460.0 280.0
480.0 280.0
-0.2 290.0
20.0 290.0
40.0 289.9
60.0 290.0
80.0 290.0
100.0 290.0
120.0 290.0
140.0 290.0
160.0 290.6
180.0 290.0
200.0 290.2
220.0 290.0
240.0 290.0
260.3 290.0
280.0 290.0
300.0 290.0
320.0 290.0
340.0 289.0
360.0 289.6
380.0 290.0
400.0 290.0
420.0 290.0
440.0 290.0
460.0 290.0
479.5 290.0
0.0 300.0
20.0 300.0
40.0 300.0
60.0 300.0
80.0 300.0
100.0 300.0
120.3 300.0
140.0 300.0
160.0 300.0
180.0 300.0
200.0 300.0
220.0 300.0
240.0 300.0
260.0 300.0
280.0 300.0
300.0 300.0
320.0 299.7
340.0 300.0
360.0 299.6
379.9 300.0
400.0 300.0
420.0 300.0
440.0 300.0
460.0 299.8
480.0 300.0
0.0 310.0
20.0 310.0
40.0 310.0
60.0 310.0
80.0 310.0
100.0 310.0
120.0 310.0
140.0 310.0
160.0 309.5
180.0 310.0
200.0 310.0
220.0 310.0
240.0 310.0
260.0 310.0
280.0 310.0
300.0 309.1
320.0 310.0
340.0 310.0
360.0 310.0
380.0 310.0
400.0 310.0
420.0 310.0
440.0 310.0
460.0 310.0
480.0 310.0
0.0 320.0
20.0 320.0
40.0 320.0
60.0 320.0
80.0 320.0
100.0 320.0
120.0 320.0
140.0 320.0
160.0 320.0
180.0 320.0
200.0 320.0
220.0 320.0
240.0 320.0
260.0 320.0
280.0 320.0
300.0 320.0
320.0 320.0
340.0 320.0
360.0 320.0
379.0 320.0
400.0 320.0
420.0 320.0
440.0 320.0
460.0 320.0
480.0 320.0
0.0 330.0
20.0 330.0
40.0 330.0
60.0 330.0
80.0 330.0
100.0 330.0
120.0 330.0
140.0 330.0
160.9 330.0
180.0 330.0
200.0 330.0
220.0 330.0
240.0 330.0
260.0 330.0
280.0 330.0
300.0 330.0
319.9 330.0
339.6 330.0
360.0 330.0
380.0 330.0
400.0 330.0
420.0 330.0
440.0 330.0
460.0 330.0
480.0 330.0
0.0 340.0
20.0 340.0
40.0 340.0
60.0 340.0
80.0 340.0
100.0 340.0
120.0 340.0
140.0 340.0
160.0 340.0
180.0 340.0
200.0 340.0
220.0 340.0
240.0 340.0
260.0 340.0
280.0 340.0
300.7 340.0
320.0 340.0
340.0 340.8
360.0 340.0
380.0 340.0
400.0 340.0
420.0 340.0
440.9 340.0
460.0 340.0
479.4 340.0
0.0 350.0
20.0 349.8
40.0 350.0
60.0 350.0
80.0 350.0
100.0 350.0
120.0 350.0
140.0 349.7
160.0 350.0
180.0 350.0
200.0 350.0
219.1 350.0
240.0 350.0
260.0 350.0
279.4 350.0
300.0 350.0
320.0 350.0
340.0 350.0
360.0 350.5
380.0 350.0
400.0 350.0
420.0 350.0
440.0 350.0
460.0 350.0
480.0 350.0
0.0 360.0
20.0 360.0
40.0 360.0
61.0 360.0
79.0 360.0
100.0 360.1
120.0 360.0
140.0 360.0
160.0 360.0
180.0 360.0
200.0 360.0
220.0 360.0
240.0 360.0
260.0 360.0
280.0 360.0
300.0 360.0
320.0 360.0
340.0 360.0
360.0 360.0
380.0 360.0
400.0 360.0
420.0 360.1
440.0 360.0
460.0 360.0
480.0 360.0
0.9 370.0
20.0 370.0
40.0 370.0
60.0 370.0
80.0 370.0
100.0 370.0
120.0 370.0
140.0 370.0
160.0 370.0
180.0 370.0
200.0 370.0
220.0 370.0
240.0 370.0
260.0 370.0
280.0 370.0
299.5 370.0
320.0 370.0
340.0 370.0
360.0 370.0
380.0 370.0
400.0 370.0
420.0 370.0
440.0 370.0
460.0 370.0
480.0 370.2
0.0 380.0
20.0 380.0
40.0 380.0
60.0 380.0
80.0 380.0
100.0 380.0
120.0 380.0
140.0 380.0
160.0 380.0
180.0 380.0
200.0 380.0
220.0 380.0
240.0 380.0
260.0 380.0
280.0 380.0
300.0 380.0
319.5 380.0
340.0 380.0
360.0 380.1
380.0 380.0
400.0 380.0
420.0 380.0
440.0 380.0
460.0 380.0
480.0 380.0
0.0 390.0
20.0 390.0
40.1 390.0
60.0 390.0
80.0 390.0
100.0 390.0
120.0 390.0
140.0 390.0
160.0 390.0
180.0 390.0
200.0 390.0
220.0 390.0
240.0 390.0
260.0 390.0
280.0 390.0
300.0 390.0
320.1 390.0
340.5 390.0
360.0 390.0
380.0 390.0
400.0 390.0
420.0 390.0
440.0 390.0
460.0 390.0
480.0 390.0
-0.3 400.0
20.0 400.0
40.0 400.0
60.0 400.0
80.0 400.6
100.0 400.0
120.0 399.6
140.0 400.0
160.0 401.0
180.0 400.0
200.0 400.0
220.0 400.0
240.0 400.0
260.0 400.9
280.0 400.0
300.0 400.0
320.0 400.0
340.9 400.0
360.0 400.0
379.7 400.0
400.0 400.0
420.0 400.0
440.0 400.0
459.8 400.0
480.0 400.0
0.0 410.0
20.0 410.3
40.0 410.0
60.0 410.0
80.0 410.0
100.0 410.0
119.1 410.0
140.0 410.5
160.0 410.0
180.0 410.0
200.0 410.0
220.0 410.0
240.0 410.0
260.0 410.0
280.0 410.0
300.0 410.0
320.0 410.0
340.0 410.0
359.8 410.0
380.0 410.0
400.0 410.0
420.0 410.0
440.0 410.0
460.0 410.0
480.0 410.0
0.2 420.0
20.0 420.0
40.0 420.0
59.3 420.0
80.0 420.0
100.0 420.0
120.0 420.0
140.0 421.0
160.0 420.0
180.0 420.0
200.0 420.0
220.0 420.0
240.0 420.0
260.0 419.5
280.0 420.0
300.0 420.0
320.0 420.0
340.0 419.1
360.0 420.0
380.0 420.0
400.0 420.0
420.0 420.0
440.0 420.0
460.0 420.0
480.0 420.0
0.0 430.0
20.0 430.0
40.0 430.0
60.0 430.0
80.0 430.0
100.0 430.0
120.0 430.2
140.0 430.0
160.0 430.0
180.0 430.0
200.0 430.0
220.0 430.0
240.5 430.0
260.0 430.9
280.0 430.0
300.0 430.0
320.0 430.0
340.0 430.0
360.0 430.0
380.0 430.0
400.0 430.0
420.0 430.0
440.0 429.8
460.0 430.0
480.0 430.0
-0.8 440.0
19.3 440.0
40.0 440.0
60.0 440.0
80.0 440.0
100.0 440.0
120.0 440.0
140.0 440.0
160.0 440.0
180.0 440.0
200.0 440.0
220.0 440.0
240.0 440.0
260.0 440.0
280.0 440.0
300.0 440.0
320.0 440.0
340.0 440.0
360.0 439.3
379.8 440.0
400.0 440.0
420.0 440.0
440.0 440.0
460.0 440.0
480.0 440.0
0.0 450.0
20.0 450.0
40.0 450.0
60.2 450.0
80.0 450.0
99.2 450.0
120.0 450.0
140.0 450.0
160.0 450.0
180.0 450.0
200.0 450.0
220.0 449.0
240.0 450.0
260.0 450.4
281.0 450.0
300.0 450.0
320.0 450.0
340.0 450.0
360.0 450.0
380.0 450.0
400.0 450.0
420.0 450.0
440.0 450.0
460.0 450.0
480.0 450.0
0.0 460.0
20.0 460.0
40.0 460.0
59.8 460.0
80.0 460.0
99.9 460.0
120.0 460.0
140.1 460.0
160.0 460.0
180.0 460.0
200.0 460.0
220.0 460.0
240.0 460.0
260.0 460.0
280.0 460.0
300.0 460.0
320.0 460.0
340.0 460.0
360.0 459.2
380.0 460.0
400.0 460.0
420.0 460.0
440.0 460.0
460.0 460.0
480.0 459.0
0.0 470.0
20.0 470.0
40.0 470.0
60.0 470.0
80.0 470.0
100.0 470.0
120.0 470.0
140.0 470.0
160.0 470.2
180.0 470.0
200.0 470.0
221.0 470.0
240.0 470.0
260.0 470.0
280.0 470.0
300.1 470.0
320.0 469.0
340.0 470.0
360.0 470.0
380.0 470.0
400.0 470.0
419.1 470.0
440.0 470.0
460.0 469.4
480.0 470.0
0.0 480.0
20.0 480.0
40.0 480.0
60.0 480.0
80.0 480.0
100.0 480.0
120.0 480.0
140.0 479.6
160.7 480.0
180.0 480.0
200.0 480.0
220.0 480.0
240.0 480.0
260.0 480.0
280.0 480.0
300.0 480.0
320.0 480.0
340.0 480.0
360.0 480.0
380.0 480.0
400.0 480.0
420.0 480.0
440.0 480.0
460.0 480.0
480.0 480.0
0.0 490.0
20.0 490.0
40.0 490.0
60.0 490.0
80.7 490.0
100.0 490.0
120.0 490.0
140.0 490.0
160.0 490.0
180.0 490.0
200.0 490.0
220.0 490.0
240.0 490.0
260.0 490.0
280.0 490.0
300.0 490.0
320.3 490.0
340.0 490.0
360.0 490.0
380.0 490.0
400.0 490.0
420.0 489.8
440.0 490.0
460.0 490.0
480.0 490.0
