1.5 1.5
3.5 1.5
5.5 1.5
7.5 1.5
9.5 1.5
11.5 1.5
13.5 1.5
15.5 1.1
17.5 1.5
19.5 1.5
1.5 5.5
3.5 5.5
5.5 5.5
7.5 5.5
9.4 5.5
11.5 5.5
13.5 5.5
15.5 5.5
17.5 5.5
19.5 5.5
1.5 9.5
3.5 9.5
5.5 9.5
7.5 9.5
9.5 9.5
11.5 9.5
13.5 9.5
15.8 9.5
17.5 9.5
19.5 9.5
1.5 13.5
3.5 13.5
5.5 13.5
7.5 13.5
9.5 13.5
11.5 13.5
13.5 13.5
15.5 13.5
17.5 13.5
19.5 13.5
1.5 17.5
3.5 17.5
5.5 17.5
7.7 17.5
9.5 17.5
11.5 17.5
13.5 17.5
15.5 17.5
17.5 17.5
19.5 17.5
1.5 21.5
3.5 21.5
5.5 21.5
7.5 21.5
9.5 21.5
11.5 21.5
13.5 21.5
15.5 21.5
17.5 21.5
19.5 21.5
1.5 25.5
3.5 25.5
5.5 25.5
7.5 25.5
9.5 25.5
11.5 25.5
13.5 25.5
15.5 25.5
17.5 25.5
19.5 25.5
1.5 29.5
3.4 29.5
5.5 29.5
7.5 29.7
9.5 29.5
11.5 29.5
14 29.5
15.1 29.5
17.5 29.5
19.5 29.6
1.5 33.5
3.5 33.5
5.5 33.5
7.5 33.5
9.5 33.5
11.5 33.5
13.5 33.5
15.5 33.5
17.5 33.5
19.8 33.5
1.5 37.5
3.5 37.5
5.5 37.5
7.5 37.5
9.5 37.5
11.5 37.5
13.5 37.5
15.5 37.5
17.5 37.5
19.5 37.5
