0.0 0.0
10.0 0.0
20.0 0.0
30.0 0.0
40.0 0.0
50.0 0.0
60.0 0.0
70.0 0.0
80.0 0.0
90.0 0.0
100.0 0.0
110.0 0.0
120.0 0.0
130.0 0.0
140.0 0.0
150.0 0.0
160.0 -1.0
170.0 0.0
180.0 0.0
190.0 0.0
200.0 0.0
210.0 0.0
220.9 0.0
230.0 0.0
240.0 0.0
250.0 0.0
260.0 0.0
270.0 0.0
280.0 0.0
290.0 0.0
300.0 0.0
310.0 0.0
320.0 0.0
330.0 0.0
340.0 0.0
350.0 0.0
360.0 0.0
370.0 0.0
380.0 0.0
390.0 0.0
400.7 0.0
410.4 0.0
420.0 0.0
430.0 0.5
440.0 0.0
450.0 0.0
460.0 0.0
470.0 0.0
480.0 0.0
490.0 -0.3
0.0 10.0
10.0 10.0
20.0 10.0
30.0 10.1
40.0 10.0
50.0 10.0
60.7 10.0
70.0 10.0
80.0 10.0
90.0 10.0
100.0 10.0
110.0 10.0
120.0 10.0
130.0 10.0
140.0 10.0
150.0 10.0
160.0 10.0
170.0 10.0
180.0 10.0
190.0 10.0
200.0 10.0
210.0 10.0
220.0 10.0
230.0 10.0
240.0 10.0
250.0 10.0
260.0 10.0
270.0 10.0
280.0 10.0
290.0 10.0
300.0 10.0
310.0 10.0
320.0 10.0
330.0 10.0
340.0 10.0
350.0 10.0
360.0 10.0
370.0 10.0
380.0 10.0
390.0 10.0
400.0 10.0
410.0 10.0
420.0 10.0
430.0 10.0
440.0 10.0
450.0 10.0
460.0 10.0
470.0 10.0
480.0 10.0
490.0 10.0
0.0 20.0
10.0 20.0
20.0 20.0
30.0 20.0
40.0 20.0
50.0 20.0
60.0 20.0
70.0 20.2
80.0 20.0
90.0 20.5
100.0 20.0
110.0 20.0
120.0 20.0
130.0 20.0
140.0 20.0
150.0 20.0
160.0 20.0
170.0 20.0
180.0 20.0
190.0 20.0
200.0 20.0
210.0 20.0
220.0 20.0
230.0 20.0
240.0 20.0
250.0 20.0
260.0 20.0
270.0 20.8
280.0 20.0
290.0 20.0
300.0 20.0
310.9 20.0
320.0 20.0
330.0 20.1
340.0 20.0
350.0 20.0
360.0 20.0
370.0 20.0
380.0 20.0
390.0 20.0
400.0 20.0
410.0 20.0
420.0 20.0
430.0 20.0
440.0 20.0
450.0 20.0
460.0 21.0
470.0 20.0
480.2 20.0
490.0 20.5
0.0 30.0
10.0 29.8
20.0 30.0
30.0 30.0
40.0 30.0
50.0 31.0
60.0 30.0
70.2 30.0
80.0 30.0
90.0 30.0
100.0 30.0
110.0 30.0
120.0 30.0
130.0 30.0
140.0 30.0
150.0 30.0
160.0 30.7
170.0 30.0
180.0 30.0
190.0 30.0
199.5 30.0
210.0 30.0
220.0 30.0
230.0 30.0
240.0 30.0
250.0 30.0
260.0 30.0
270.0 30.0
280.0 30.0
290.0 30.0
300.0 30.0
310.0 30.0
320.0 30.0
330.0 30.0
340.0 30.0
350.0 30.0
360.0 30.0
370.0 30.0
380.0 30.0
390.9 30.0
400.0 30.0
410.0 30.0
420.0 30.0
430.0 30.0
440.0 30.0
450.0 30.0
460.0 30.0
470.0 30.0
480.0 30.0
490.0 30.0
0.0 40.0
10.0 39.8
20.0 40.0
29.8 40.0
40.3 40.0
50.0 40.0
60.0 40.0
70.9 40.0
80.0 40.0
90.0 40.0
100.0 39.9
110.0 40.0
119.7 40.0
130.0 40.0
140.0 40.0
150.0 40.0
160.0 40.0
170.0 40.0
180.0 40.0
190.0 40.0
200.0 40.0
210.0 40.0
220.0 40.0
230.0 40.0
239.0 40.0
250.0 40.0
260.0 40.0
270.0 40.0
280.0 40.0
290.0 40.0
300.0 40.0
310.0 39.1
320.0 40.0
330.0 40.0
340.0 40.0
350.0 40.0
360.0 40.0
370.0 40.0
380.0 40.0
390.0 40.0
400.0 40.0
410.0 40.0
420.0 40.0
430.0 40.0
440.0 40.0
450.0 40.0
460.0 40.0
470.0 40.0
480.0 40.0
490.0 40.0
0.0 50.0
10.0 50.0
20.0 50.0
30.0 50.0
40.0 50.0
49.3 50.0
60.0 50.4
70.0 50.0
80.0 50.5
90.0 50.8
100.0 50.0
110.0 50.0
119.4 50.0
130.0 50.0
140.0 50.0
150.0 50.0
160.0 50.0
170.0 50.0
180.0 50.0
190.0 50.0
200.0 50.0
210.0 50.0
220.0 50.0
230.0 50.0
240.0 50.0
250.0 50.0
260.0 50.0
270.0 50.0
280.0 50.0
290.0 50.0
300.0 50.0
309.6 50.0
320.0 50.0
330.0 50.0
340.0 50.0
350.0 50.0
360.0 50.0
370.0 49.2
380.0 50.0
390.0 49.9
400.0 50.0
410.0 49.6
420.0 50.0
430.0 50.0
440.0 50.0
450.0 50.0
460.0 50.0
470.1 50.0
480.0 50.0
490.0 50.0
0.0 60.0
10.0 60.0
20.0 60.0
30.0 60.0
41.0 60.0
50.0 60.0
60.0 60.0
70.0 60.0
80.0 60.0
89.3 60.0
100.0 60.0
110.0 60.0
120.0 60.0
130.0 60.0
140.0 60.0
150.0 60.3
160.0 60.0
170.0 60.1
180.0 60.0
190.0 60.0
200.0 60.0
210.0 60.0
220.0 60.0
230.0 60.0
240.0 60.0
250.0 60.0
260.0 59.0
270.0 60.0
280.0 60.0
290.0 60.0
300.0 60.0
310.0 60.0
320.0 60.0
330.0 60.0
339.6 60.0
350.0 60.0
360.0 60.7
370.0 60.0
380.0 60.0
390.0 60.0
400.0 60.0
410.0 60.0
420.0 60.0
430.0 60.6
440.0 60.0
449.5 60.0
460.0 60.0
470.0 60.0
480.0 60.0
490.0 60.0
0.0 70.0
10.0 70.0
20.0 70.0
30.0 70.0
40.0 70.0
50.0 70.0
60.0 70.0
70.0 70.4
80.0 70.0
89.7 70.0
100.8 70.0
109.7 70.0
120.0 70.0
130.9 70.0
140.0 70.0
150.0 70.0
160.0 70.0
170.0 70.0
180.0 70.0
190.0 70.0
200.0 70.0
210.0 70.8
220.0 70.0
230.5 70.0
240.0 70.0
250.0 70.0
260.0 70.0
270.0 70.0
280.0 70.0
290.0 70.0
300.0 70.0
310.0 70.0
320.0 70.0
330.0 70.0
340.9 70.0
350.0 70.0
360.0 70.0
370.0 70.0
380.0 70.0
390.0 70.0
400.0 70.0
410.8 70.0
420.0 70.0
430.0 70.0
440.0 70.0
450.0 70.0
460.0 70.0
470.0 70.0
480.0 70.0
490.0 70.0
0.0 80.0
10.0 80.0
20.0 80.7
30.0 80.0
40.0 80.0
50.0 80.0
60.0 80.0
70.0 80.0
80.0 80.0
90.0 80.0
100.0 80.0
110.0 80.0
120.0 80.0
130.0 80.0
140.0 80.0
150.0 79.0
160.0 80.0
170.0 80.9
180.0 80.0
190.0 80.2
200.0 80.0
210.0 80.0
220.0 81.0
230.0 80.0
240.0 80.0
250.0 80.0
260.0 80.1
270.0 80.0
280.0 80.0
290.0 80.0
300.0 80.0
310.0 80.0
320.0 80.4
330.0 80.0
339.2 80.0
350.0 80.0
359.1 80.0
370.0 80.0
380.0 80.0
390.0 80.0
400.0 80.0
410.0 80.0
420.0 80.0
430.0 80.0
440.0 80.0
450.0 80.0
460.0 80.0
470.0 80.0
480.0 80.0
490.0 80.0
0.0 90.0
10.0 90.0
20.0 90.0
30.0 90.0
40.0 90.0
50.0 90.8
60.0 89.1
70.0 90.0
80.0 90.9
90.0 89.3
100.0 90.1
110.4 90.0
120.0 90.4
130.0 90.0
140.0 90.3
150.0 90.0
160.0 90.0
170.0 90.0
180.0 90.0
190.0 90.0
200.0 90.0
210.0 90.0
219.0 90.0
230.0 90.0
239.0 90.0
249.5 90.0
260.2 90.0
270.0 90.0
280.0 90.0
290.0 90.0
300.0 90.0
310.0 90.0
320.0 90.0
330.0 90.0
340.0 90.0
350.0 90.0
360.0 90.0
370.0 90.0
380.0 90.0
390.0 90.0
399.0 90.0
410.0 90.0
420.0 90.0
430.0 90.0
440.0 90.0
450.0 90.0
460.0 90.0
470.0 90.0
480.8 90.0
490.8 90.0
0.0 100.0
10.0 100.0
20.0 100.0
30.0 100.0
40.0 99.0
50.0 100.0
59.5 100.0
70.0 100.0
80.0 100.0
90.0 100.0
100.0 100.0
110.0 100.0
120.0 100.0
130.0 100.0
140.0 100.0
150.0 100.0
160.0 100.0
170.0 100.0
180.0 100.0
190.0 100.0
200.0 100.0
210.0 100.0
219.9 100.0
230.0 100.0
240.0 100.0
250.1 100.0
260.0 100.0
270.0 100.0
280.0 100.0
290.0 100.0
300.0 100.0
310.0 100.0
320.0 100.0
330.1 100.0
340.0 100.0
350.0 100.0
360.0 100.0
370.0 100.0
380.0 100.0
390.0 100.0
400.0 100.0
410.0 100.1
419.4 100.0
430.0 100.0
440.0 100.0
450.5 100.0
460.0 100.0
470.0 100.0
480.0 100.0
490.0 100.0
0.0 110.0
10.9 110.0
20.0 110.0
30.0 110.0
40.0 110.0
50.5 110.0
60.0 110.0
70.0 110.2
80.0 110.6
90.0 110.0
100.0 110.0
110.0 110.0
120.0 110.0
130.0 110.7
140.0 110.0
150.0 110.0
160.0 110.0
170.0 110.0
180.0 109.9
190.0 110.0
200.0 110.0
210.0 110.0
220.0 110.0
230.0 110.0
240.0 110.9
250.0 110.0
260.0 110.0
270.0 110.0
280.0 110.0
290.0 110.0
300.0 109.6
310.0 109.1
320.0 110.0
330.0 110.0
340.0 110.0
350.0 110.0
360.0 110.0
370.0 110.0
380.0 110.0
390.0 110.0
400.0 110.0
410.0 110.0
420.0 110.0
430.0 110.0
440.0 110.0
450.0 109.2
460.0 110.0
470.0 110.0
480.0 110.0
490.0 110.0
0.0 120.0
10.0 120.0
20.0 119.5
30.0 120.0
40.0 120.0
50.0 120.0
60.0 120.0
70.0 120.0
80.0 120.0
90.0 120.0
100.0 120.0
110.0 120.0
120.0 120.0
130.0 120.0
140.0 120.0
150.0 119.6
160.0 120.0
170.0 120.0
180.0 120.0
190.0 120.0
200.0 120.0
210.0 120.0
220.0 120.0
230.0 120.0
240.0 120.0
250.0 120.0
260.0 120.0
270.0 120.0
280.0 120.0
290.0 120.0
300.0 120.0
310.0 120.0
320.0 120.6
330.0 120.0
340.0 120.0
350.0 120.0
360.0 120.0
370.0 120.0
380.0 120.0
390.0 120.0
400.5 120.0
410.0 120.0
420.5 120.0
430.0 120.0
440.0 120.0
450.0 120.0
460.0 120.0
470.0 120.0
480.0 120.0
490.0 120.0
0.0 129.7
10.0 130.0
20.0 130.0
30.0 129.0
40.0 130.0
50.0 130.0
60.0 130.8
70.0 130.0
80.0 130.0
90.0 130.0
100.0 130.0
110.0 130.0
120.0 130.0
130.0 130.0
140.0 130.0
150.0 130.0
160.0 129.3
170.0 130.0
180.0 130.0
190.0 130.0
200.0 130.0
210.0 130.0
220.0 130.0
230.0 130.0
240.0 130.8
250.0 130.0
259.1 130.0
270.0 130.0
280.0 130.0
290.0 130.0
300.0 130.0
310.0 130.0
320.0 129.8
330.0 130.0
340.0 130.0
350.0 130.0
360.0 130.0
370.0 130.0
380.0 130.0
390.0 130.0
400.0 130.9
410.0 130.0
420.0 130.0
430.0 130.0
440.0 130.0
450.0 130.0
460.0 130.0
470.0 130.0
480.0 130.0
489.2 130.0
0.0 140.0
10.0 140.0
20.0 140.0
30.0 140.0
40.0 140.0
50.0 140.0
60.0 140.0
70.0 140.0
80.0 140.0
90.0 140.0
100.0 140.3
110.0 140.0
120.0 140.0
130.0 140.0
140.0 140.0
150.0 140.0
160.0 140.0
170.0 140.0
180.0 140.0
189.7 140.0
200.0 140.0
210.0 140.0
219.7 140.0
230.0 140.0
240.0 140.0
250.0 140.0
260.0 140.0
270.0 140.0
280.0 140.0
290.0 140.9
300.0 140.0
310.0 140.0
320.0 140.0
330.0 140.0
340.0 140.0
350.0 140.0
360.0 140.0
370.0 140.0
380.0 140.0
390.0 140.0
400.0 140.0
410.0 140.0
420.0 140.0
430.5 140.0
440.0 139.1
450.0 140.0
460.0 140.0
470.0 139.7
480.0 140.0
490.0 140.0
0.0 150.0
10.0 150.0
20.0 150.0
30.0 150.0
40.0 150.0
50.0 150.0
60.0 150.0
70.0 150.0
80.0 150.0
90.0 150.0
100.0 150.0
110.0 150.0
120.0 150.0
130.0 150.0
140.0 150.0
150.0 150.0
160.0 150.0
170.0 150.0
180.0 150.0
190.0 150.0
200.0 150.0
210.0 150.0
220.0 150.0
230.0 150.0
240.0 150.0
250.0 150.0
260.0 150.0
270.0 150.0
280.8 150.0
290.0 150.0
300.0 150.0
310.0 150.0
320.0 150.0
330.0 150.0
340.0 150.0
350.0 150.0
360.0 150.0
370.0 150.0
380.0 150.0
390.0 150.0
400.0 150.0
410.0 150.0
420.0 150.0
430.0 150.0
440.0 150.0
450.0 150.0
460.0 150.0
470.7 150.0
480.0 150.0
490.0 150.0
0.0 160.0
10.0 160.0
20.0 160.0
30.0 160.0
40.0 160.0
50.0 160.0
60.0 160.0
70.0 160.0
80.0 160.0
90.0 160.0
100.0 160.0
110.0 160.0
120.0 159.2
130.0 160.0
140.0 160.0
150.0 160.0
160.0 160.0
170.0 160.0
179.7 160.0
190.0 160.0
200.0 160.0
210.0 160.0
220.0 160.0
230.0 160.0
240.0 160.0
250.0 160.0
260.0 160.0
270.0 160.0
279.8 160.0
290.0 160.0
300.0 159.5
310.0 160.0
320.0 160.0
330.0 160.0
340.0 160.0
350.0 160.0
360.0 160.0
370.0 160.0
380.0 160.0
390.0 160.6
400.0 160.0
410.0 160.0
420.0 160.0
430.0 161.0
440.0 160.0
450.0 160.0
460.0 159.6
470.0 160.0
480.0 160.1
490.0 160.0
0.0 170.0
10.0 170.0
20.0 170.0
30.0 170.0
40.0 170.0
49.8 170.0
60.0 170.0
70.0 170.0
80.0 170.5
90.0 170.0
100.0 170.0
110.0 170.0
119.3 170.0
130.0 170.0
140.0 170.0
149.4 170.0
160.0 170.0
170.0 170.0
180.0 170.0
190.0 170.0
200.0 170.0
210.0 170.0
220.0 170.0
230.0 170.0
240.0 170.0
250.0 170.0
260.0 170.3
270.0 170.0
280.0 170.0
290.0 170.7
300.0 170.0
310.0 170.0
320.0 170.0
330.0 170.0
340.0 169.9
350.0 170.0
360.0 170.0
370.0 170.0
380.0 170.0
390.0 170.0
400.0 170.2
410.0 170.0
420.0 170.0
430.0 170.0
440.0 170.0
450.0 170.0
460.0 170.0
470.0 170.0
480.0 170.0
490.0 170.0
0.0 180.0
10.0 180.0
20.0 180.0
30.0 180.0
39.1 180.0
50.0 180.0
60.0 180.0
70.0 180.0
80.0 180.0
90.0 180.0
100.0 180.0
110.0 180.0
120.0 180.0
129.0 180.0
140.0 180.0
150.0 180.0
160.0 180.0
170.0 180.0
180.0 180.0
190.0 180.0
200.0 180.0
210.0 180.0
220.0 180.0
230.0 180.0
240.0 180.0
250.0 180.0
260.0 180.0
270.0 180.0
280.0 180.0
290.0 180.0
300.0 180.0
310.0 180.0
320.0 180.0
330.0 180.0
340.0 180.0
350.0 180.0
360.0 180.1
370.0 180.0
380.0 180.0
390.0 180.0
400.0 180.0
410.0 180.0
420.0 180.0
430.0 180.0
440.0 180.0
450.0 180.0
460.0 180.0
470.0 180.0
480.0 180.0
490.0 180.0
0.0 190.0
10.0 190.0
20.0 190.0
30.0 190.0
40.0 190.0
49.8 190.0
60.6 190.0
70.4 190.0
80.0 190.0
90.0 189.3
99.9 190.0
110.0 190.0
120.0 190.0
130.2 190.0
140.0 190.0
150.0 190.0
160.0 190.0
170.0 190.0
180.0 190.0
191.0 190.0
200.0 190.0
210.0 190.0
220.0 190.0
230.0 190.0
239.9 190.0
250.0 190.0
260.0 190.0
270.0 190.0
280.0 190.0
290.0 190.0
300.0 190.0
310.0 189.2
320.0 190.0
329.2 190.0
340.0 190.0
350.0 190.0
360.0 190.0
370.0 190.0
380.0 190.0
390.0 190.0
400.0 190.0
410.0 190.0
420.0 190.0
430.0 190.0
440.0 190.0
450.2 190.0
460.0 190.0
470.0 190.0
480.0 189.7
490.0 190.0
0.0 200.0
10.0 200.0
20.0 200.0
30.2 200.0
40.0 200.0
50.0 200.0
60.5 200.0
70.0 200.0
80.0 200.0
89.4 200.0
100.0 200.0
110.0 200.0
120.0 200.0
130.0 200.0
140.0 200.0
150.0 200.0
160.0 200.0
170.0 200.0
180.0 200.0
190.0 200.0
200.0 200.0
210.0 199.6
220.0 200.0
230.0 200.0
240.0 200.0
250.0 200.0
260.0 200.0
270.0 200.0
280.0 200.0
290.0 200.0
300.6 200.0
310.0 200.0
320.0 200.0
330.0 200.0
340.0 200.0
350.0 200.0
360.0 200.1
370.0 200.8
380.0 200.0
390.0 200.0
400.4 200.0
410.0 200.0
421.0 200.0
430.0 200.0
440.0 200.0
450.0 200.0
460.0 200.0
470.0 200.0
480.0 200.0
490.0 200.0
0.0 210.0
10.0 210.0
20.0 210.0
30.0 210.0
40.0 210.0
50.0 210.0
60.0 210.0
70.0 210.0
80.0 210.0
90.0 210.9
100.0 210.0
110.0 210.0
120.0 210.0
130.0 210.0
140.0 210.0
150.0 210.0
160.0 210.0
170.0 210.0
180.0 210.0
190.0 210.0
200.1 210.0
210.0 210.0
220.0 210.0
230.0 210.0
240.0 210.0
250.0 210.0
260.0 210.0
270.0 210.0
280.0 210.0
290.0 210.0
300.0 210.0
310.0 210.2
320.0 210.0
330.0 210.0
340.0 210.0
350.0 210.7
359.5 210.0
370.0 210.0
380.0 210.0
390.0 210.0
400.0 210.0
410.0 210.0
420.0 210.0
430.0 210.0
440.0 210.0
450.0 209.4
460.0 210.0
470.0 210.0
480.0 210.0
489.0 210.0
0.0 220.0
10.0 220.0
20.0 220.0
30.0 220.0
40.0 220.0
50.0 220.0
60.0 220.0
70.0 220.0
80.0 220.0
90.0 220.0
100.0 220.0
110.0 220.0
119.3 220.0
129.5 220.0
140.0 220.0
150.0 220.0
160.0 220.0
170.0 220.0
180.0 220.0
189.7 220.0
200.0 220.0
210.0 220.0
220.0 220.0
230.0 220.0
240.0 220.0
250.0 220.0
260.0 220.0
270.0 220.0
280.0 220.0
290.0 220.0
300.0 220.0
310.0 219.7
319.4 220.0
330.0 220.0
340.0 220.0
350.0 219.5
360.0 220.0
370.0 220.0
380.3 220.0
390.0 220.0
400.0 220.0
410.0 220.0
420.0 220.0
430.0 220.0
439.0 220.0
450.0 220.0
460.0 220.0
470.0 220.0
480.0 220.0
490.0 220.0
0.0 230.0
10.0 230.0
20.0 230.0
30.0 230.0
40.0 230.0
50.0 229.2
60.0 229.1
70.0 230.0
80.0 230.0
90.0 230.0
100.0 230.0
110.0 230.0
120.0 230.0
130.0 230.5
140.0 230.0
150.0 230.1
160.0 230.0
171.0 230.0
180.0 230.0
190.0 230.0
200.0 230.0
210.0 229.2
220.0 230.0
230.3 230.0
240.0 230.0
250.0 230.4
260.0 230.0
270.0 230.0
280.0 230.0
290.0 230.0
300.0 230.0
310.0 230.0
320.0 230.0
330.0 230.0
340.0 230.0
350.0 230.0
360.0 230.0
370.0 230.0
380.0 230.0
390.0 230.0
400.0 230.0
410.0 230.0
420.0 230.0
430.0 230.0
439.3 230.0
449.7 230.0
460.0 230.0
470.0 230.0
480.0 230.0
490.0 230.0
-0.4 240.0
10.0 240.0
20.0 240.0
30.0 240.0
40.0 240.0
50.0 240.0
60.0 240.0
70.0 240.0
80.0 240.0
90.0 240.0
100.0 240.0
110.0 240.0
120.0 240.1
130.0 240.0
140.0 240.0
150.0 240.0
160.0 240.0
170.0 240.0
180.0 240.0
190.0 240.0
200.0 239.8
210.5 240.0
220.0 240.0
230.0 240.0
240.0 240.0
250.0 240.0
260.0 240.0
270.0 240.0
280.1 240.0
290.0 240.0
300.0 240.0
310.0 240.0
320.0 240.0
330.0 240.0
340.0 240.0
350.0 240.0
360.0 240.0
370.0 240.0
380.0 240.0
390.0 240.0
400.0 240.0
410.0 240.0
420.0 240.0
430.0 240.6
440.0 240.0
450.0 240.0
460.0 240.0
470.0 240.0
480.0 240.0
490.0 240.0
0.0 250.0
10.0 250.0
20.0 250.0
30.0 250.0
40.0 250.0
50.0 250.0
60.0 250.0
70.0 250.0
80.0 250.0
90.0 250.0
100.0 250.0
110.0 250.0
120.0 250.0
130.0 250.0
140.0 250.0
150.0 250.0
160.9 250.0
170.0 250.0
180.0 250.0
190.0 250.0
200.0 250.0
210.0 250.0
220.0 250.0
230.0 250.0
240.0 250.0
250.0 250.0
260.0 250.0
270.0 250.0
281.0 250.0
290.0 250.0
300.0 250.0
310.7 250.0
320.4 250.0
330.0 250.0
340.0 250.0
350.0 250.0
360.0 250.0
370.0 250.0
380.0 250.0
390.0 250.0
400.0 250.0
410.0 250.0
420.0 250.0
430.0 250.0
440.0 250.0
450.0 250.0
460.0 250.0
470.0 250.0
480.0 250.0
490.0 250.0
0.0 260.0
10.1 260.0
20.0 260.0
30.0 260.0
40.0 260.0
50.0 260.0
60.0 260.0
70.0 259.7
80.0 260.0
90.0 260.0
100.0 260.0
110.0 260.0
119.2 260.0
130.0 260.0
140.0 260.0
150.0 260.0
160.0 260.0
170.0 260.0
180.0 260.0
190.0 260.0
200.0 260.0
210.0 260.0
220.0 260.0
230.0 260.0
240.0 260.0
250.0 260.0
260.0 260.0
271.0 260.0
280.0 260.0
290.0 260.0
300.0 260.0
310.0 260.0
320.0 260.0
330.0 260.0
340.0 260.0
350.0 260.0
360.0 260.0
370.0 260.0
380.0 260.0
390.0 260.0
400.0 260.0
410.0 260.0
420.0 260.0
430.0 260.8
440.0 260.0
450.0 260.0
460.0 259.0
470.0 260.0
479.4 260.0
490.0 260.0
0.0 270.0
10.0 270.0
20.0 270.0
30.0 270.0
40.0 270.0
50.0 270.0
60.0 270.0
70.0 270.0
80.0 270.0
90.0 270.0
100.0 270.0
110.0 270.0
120.0 270.0
130.0 270.0
140.0 270.0
150.0 269.1
160.0 270.0
170.0 270.0
180.0 270.0
190.0 270.0
200.0 270.0
210.0 270.0
220.0 270.0
230.0 270.0
239.5 270.0
250.0 270.3
260.0 270.0
270.0 270.0
280.0 270.9
290.0 270.0
300.0 270.0
310.0 270.0
320.0 270.0
330.0 270.0
340.0 270.0
350.0 270.0
360.0 270.0
370.0 270.0
380.0 269.0
390.4 270.0
400.0 270.0
410.0 270.0
420.0 270.0
430.0 270.0
440.0 270.0
450.0 270.0
460.0 270.0
470.0 270.0
480.0 270.0
490.0 270.0
0.0 280.0
10.0 280.0
20.0 280.0
30.0 280.0
40.0 280.0
50.0 279.4
60.0 280.0
70.0 280.0
80.0 280.0
90.0 280.0
100.2 280.0
110.0 280.0
120.0 280.0
130.0 280.0
140.2 280.0
150.0 280.0
160.0 280.0
170.0 280.0
180.3 280.0
190.0 280.0
201.0 280.0
210.0 280.0
220.0 280.0
230.0 280.5
240.1 280.0
250.0 280.0
260.0 280.0
270.0 280.0
280.0 280.0
290.0 280.0
299.1 280.0
310.0 280.0
320.0 280.0
330.0 280.0
339.2 280.0
350.5 280.0
360.0 280.0
370.0 280.0
380.0 280.0
390.0 280.0
400.0 280.9
411.0 280.0
420.0 280.0
430.0 280.0
440.0 280.0
450.0 280.0
460.0 280.0
470.0 280.0
479.1 280.0
490.0 280.0
0.0 290.0
10.0 290.0
20.0 290.0
30.0 290.0
40.0 290.0
50.0 290.0
60.0 290.0
70.0 290.0
80.0 290.0
90.0 290.0
100.0 290.0
110.0 290.0
120.0 290.0
130.0 290.0
140.0 290.0
150.0 290.0
160.0 290.0
170.0 290.0
180.0 290.0
190.0 290.0
200.0 290.0
210.0 290.7
220.0 290.0
230.0 290.0
240.0 290.0
250.0 290.0
260.0 290.0
270.0 290.0
280.0 290.0
290.0 290.0
300.0 290.0
310.5 290.0
320.0 290.0
329.6 290.0
340.8 290.0
350.0 290.0
360.0 289.6
370.0 290.4
380.6 290.0
390.0 289.7
400.0 290.0
410.0 290.8
420.0 290.0
430.0 290.0
440.0 290.0
450.0 290.0
460.0 290.8
470.0 290.0
480.0 290.0
490.0 290.0
0.0 300.0
10.7 300.0
20.0 300.0
30.0 300.0
40.0 300.0
50.0 300.0
60.0 300.0
70.0 300.0
80.0 300.0
90.9 300.0
100.0 300.0
110.0 300.0
120.0 300.0
130.0 300.0
140.0 300.0
150.0 300.0
160.0 300.0
170.0 300.0
180.0 300.0
190.0 300.0
200.0 300.0
210.0 300.0
220.0 300.0
230.2 300.0
240.0 300.0
250.0 300.0
260.0 300.0
270.0 300.0
280.9 300.0
290.8 300.0
300.0 300.0
309.5 300.0
320.0 300.0
330.7 300.0
340.0 300.0
350.0 300.0
360.0 300.0
370.7 300.0
380.0 300.0
390.0 300.0
400.2 300.0
410.0 300.0
420.0 300.0
431.0 300.0
440.0 300.0
450.0 300.7
460.2 300.0
470.0 300.0
480.0 300.0
490.0 300.0
0.5 310.0
10.0 310.0
20.0 310.0
30.2 310.0
40.0 310.0
49.7 310.0
60.0 310.0
70.0 310.0
80.0 310.0
90.0 310.0
100.0 310.0
110.0 310.0
120.0 310.0
130.0 309.5
140.0 310.7
150.0 310.0
160.0 310.0
170.0 310.0
180.0 310.0
190.0 310.0
200.0 310.0
210.0 310.0
220.0 310.0
230.0 310.0
240.0 310.0
251.0 310.0
260.0 310.0
270.0 310.0
280.0 310.0
290.0 310.0
300.0 309.3
310.0 310.0
320.0 310.0
330.0 310.0
340.0 310.0
350.0 310.0
360.0 310.0
370.0 310.0
379.7 310.0
390.0 310.0
400.0 310.0
410.0 310.9
420.0 310.0
430.0 310.0
440.0 310.0
450.0 310.0
460.0 310.0
470.0 310.0
480.0 310.9
490.0 309.2
0.0 320.0
10.0 320.0
20.0 320.0
30.0 320.0
40.0 320.0
50.0 320.0
60.0 320.0
70.0 320.0
80.0 319.9
90.0 320.0
100.0 320.0
110.0 320.0
119.3 320.0
130.0 320.0
140.0 320.0
150.0 320.0
160.0 320.0
170.0 320.0
180.0 320.0
190.0 320.0
200.0 320.0
210.0 320.0
220.0 320.0
230.0 320.0
240.0 320.0
250.0 320.0
260.0 320.0
270.9 320.0
280.0 320.0
290.0 320.0
300.0 320.0
310.0 320.0
320.0 320.0
330.0 320.0
340.0 320.0
350.0 320.0
360.0 320.0
370.0 320.0
380.0 320.0
390.0 319.1
400.0 320.0
410.0 320.0
420.0 320.0
430.0 320.0
440.0 320.0
450.0 320.0
460.0 320.0
470.0 320.0
480.0 320.0
490.0 319.6
0.0 330.0
10.0 330.0
20.0 330.0
30.0 330.0
40.0 330.0
50.0 330.0
60.0 330.0
70.0 330.0
80.0 330.0
90.0 330.0
100.0 330.0
110.0 330.0
120.0 330.0
130.0 330.9
140.0 330.0
150.0 330.0
160.0 330.0
170.0 330.0
180.0 330.0
190.0 330.0
200.1 330.0
210.0 330.0
220.0 330.0
230.0 330.0
240.0 330.0
250.0 330.0
260.0 330.0
270.0 330.0
280.0 330.0
290.0 330.0
300.0 330.0
310.0 330.0
320.0 330.0
330.0 330.0
340.0 330.0
350.0 330.0
360.0 330.0
370.0 330.0
379.1 330.0
390.0 330.0
400.0 330.0
409.8 330.0
420.0 330.0
430.0 330.0
440.0 330.0
450.0 331.0
460.0 330.0
470.0 330.0
480.0 330.0
490.0 330.0
0.0 340.0
10.0 340.0
20.0 340.0
30.0 340.0
40.0 340.0
50.0 340.0
60.0 340.0
70.0 340.0
80.0 340.0
90.0 340.0
100.4 340.0
110.0 340.0
120.0 340.0
130.0 340.0
140.0 340.0
150.0 340.0
160.0 340.0
170.0 340.0
179.6 340.0
190.0 340.0
200.0 340.0
210.0 340.0
220.0 340.0
230.0 340.0
240.0 340.0
250.0 340.0
260.0 340.0
270.0 340.0
280.0 340.0
290.0 340.0
300.0 340.0
310.0 340.0
320.0 340.0
330.0 340.0
340.0 340.0
350.0 340.0
360.0 340.0
370.0 340.0
380.0 340.0
390.0 340.8
400.0 339.6
410.0 340.0
420.0 340.0
430.0 340.0
440.0 340.0
450.0 340.0
460.0 340.0
470.0 340.0
480.7 340.0
490.0 340.0
0.0 350.0
10.0 350.0
20.0 350.0
30.0 350.0
40.0 350.0
50.0 350.0
60.0 350.0
70.0 350.0
80.0 350.0
90.0 350.0
100.0 350.0
110.0 350.0
120.0 350.0
130.0 350.0
140.0 350.3
150.0 350.0
160.0 350.0
170.0 350.0
180.0 350.0
190.0 350.0
200.0 350.0
210.0 350.0
220.0 350.0
230.0 350.0
240.0 350.0
250.0 350.0
260.0 350.0
270.0 350.4
279.9 350.0
290.0 350.0
300.0 350.0
310.0 350.0
320.0 350.0
330.0 350.0
340.0 350.0
350.0 350.0
360.0 350.0
370.0 350.0
380.0 350.0
390.0 350.0
400.0 350.0
410.0 350.0
420.0 350.0
430.0 350.0
440.0 350.0
450.0 350.0
460.0 350.0
470.0 349.5
480.0 350.0
490.0 350.0
0.0 360.0
10.0 360.0
20.0 360.0
30.0 360.0
40.0 360.0
50.0 360.0
60.0 360.0
70.0 360.0
80.0 360.0
89.9 360.0
100.0 360.0
110.0 360.0
120.0 360.0
130.0 360.0
140.8 360.0
150.0 360.0
160.0 360.0
170.0 360.0
180.0 360.0
190.0 360.0
200.0 360.0
210.0 360.0
220.0 360.0
230.7 360.0
239.9 360.0
250.0 360.0
260.0 360.0
270.0 360.0
281.0 360.0
290.0 360.0
300.0 360.0
309.6 360.0
320.0 360.0
330.0 360.0
340.0 360.0
350.0 360.0
360.0 360.3
370.0 361.0
380.0 360.0
390.0 360.0
400.0 360.0
410.0 360.0
420.0 360.0
430.0 360.0
440.0 360.0
450.0 360.0
460.0 360.0
470.0 360.0
480.0 360.2
490.0 360.0
0.0 370.0
10.0 370.0
20.0 370.0
30.0 370.0
40.0 370.0
50.0 370.0
60.0 370.0
70.0 370.0
80.0 370.0
90.0 370.0
100.0 370.0
110.0 370.0
120.0 370.0
130.0 370.0
140.0 370.0
150.0 370.0
160.0 370.0
170.0 370.0
180.0 370.0
190.0 370.0
200.0 370.0
210.0 370.0
220.0 370.7
230.0 369.6
240.0 370.0
250.0 370.0
260.0 370.0
270.0 370.0
280.0 370.0
290.0 370.8
300.0 370.0
310.0 370.0
320.0 370.0
330.0 370.0
340.0 370.0
350.0 370.0
360.0 369.0
370.0 370.0
380.0 370.0
390.0 370.0
400.0 369.1
410.0 370.0
420.5 370.0
430.0 370.0
440.0 370.0
450.0 370.0
460.0 370.0
470.0 370.0
480.0 370.0
490.0 370.0
0.0 380.0
10.0 380.0
20.0 380.0
30.0 380.0
40.0 380.0
50.2 380.0
60.0 380.0
70.0 380.0
80.0 380.0
90.0 379.4
100.0 380.0
110.0 380.0
120.0 380.0
130.0 380.0
140.0 380.0
150.0 380.0
160.0 380.0
170.0 380.0
180.0 379.9
190.0 380.0
200.0 380.0
210.0 380.0
219.8 380.0
230.0 380.0
240.0 380.0
250.0 380.0
260.0 380.0
270.0 380.0
279.2 380.0
290.0 380.0
300.0 380.0
310.0 380.0
320.0 380.0
330.0 380.0
340.0 380.0
350.0 380.0
360.0 380.0
370.0 380.0
380.0 380.0
390.0 380.0
400.0 380.0
410.0 380.0
420.0 380.0
430.0 380.0
440.0 380.0
450.7 380.0
460.0 380.0
470.0 380.0
480.0 380.0
490.0 380.0
-0.8 390.0
10.0 390.0
20.0 390.0
30.0 390.0
40.0 389.0
50.0 390.0
60.0 390.0
70.0 390.0
80.0 390.0
90.0 390.0
100.0 390.0
110.0 390.0
120.0 390.0
130.0 390.0
140.0 390.0
150.0 390.0
160.0 390.0
170.0 390.0
180.0 390.0
190.0 390.0
200.0 390.0
210.0 390.0
220.0 390.0
230.0 390.0
240.0 390.0
250.0 390.0
260.0 390.0
269.0 390.0
280.0 390.0
290.0 390.0
300.0 390.0
310.0 390.0
320.0 390.0
330.0 390.5
340.0 390.0
350.0 390.0
360.0 390.0
370.0 390.0
380.0 390.0
390.0 390.0
400.0 390.0
410.0 390.0
420.0 389.0
430.0 390.0
440.0 390.0
450.0 390.0
460.0 390.0
470.0 389.0
480.0 390.0
489.5 390.0
0.4 400.0
10.0 399.8
20.0 400.0
30.0 400.0
40.0 400.0
50.0 400.0
60.0 400.0
70.0 400.0
80.0 399.9
90.0 400.0
100.0 400.0
110.0 400.0
120.0 400.0
130.0 400.0
140.0 400.0
150.0 400.0
160.0 400.0
170.0 400.0
180.0 399.8
190.0 400.0
200.0 399.9
210.0 400.0
220.0 400.0
230.0 401.0
240.0 400.0
250.0 400.0
260.0 400.0
270.0 400.0
280.0 400.0
290.0 400.0
300.0 400.0
310.0 400.0
320.0 400.0
330.0 400.0
340.0 400.0
349.6 400.0
360.0 400.9
370.0 400.0
380.4 400.0
390.0 400.0
400.0 400.0
410.0 400.0
420.0 400.0
430.0 400.0
440.0 400.0
450.0 400.0
460.0 400.0
470.0 400.2
480.0 400.0
490.7 400.0
0.0 410.0
10.0 410.0
20.0 410.0
30.0 410.0
40.0 410.0
50.0 410.0
60.0 410.0
70.0 409.3
80.1 410.0
90.0 410.0
100.0 410.0
110.0 410.0
120.0 410.0
130.0 410.0
140.0 410.0
150.0 410.0
160.0 410.0
170.0 410.0
180.0 410.0
190.0 410.9
200.0 410.0
210.0 410.0
220.0 411.0
230.0 410.0
240.0 410.0
250.0 410.0
260.0 410.0
270.0 410.0
280.0 410.0
290.0 410.0
300.0 410.0
310.0 411.0
320.0 409.4
330.0 410.0
340.0 410.0
350.7 410.0
360.0 410.0
370.0 410.0
379.4 410.0
390.0 410.0
400.0 410.0
410.0 411.0
420.0 410.0
430.0 410.0
440.0 410.0
450.0 409.2
460.0 410.0
470.0 410.0
480.0 410.0
490.0 410.0
0.0 420.0
10.0 420.0
20.0 420.0
30.0 420.0
40.0 420.6
50.0 420.0
60.0 420.7
70.0 420.0
80.0 420.0
89.1 420.0
100.0 420.0
110.0 420.0
120.0 420.0
130.0 420.0
140.1 420.0
150.0 420.0
160.0 420.0
169.2 420.0
180.0 420.0
190.0 420.0
200.0 420.0
210.0 420.0
220.0 420.0
230.0 420.0
240.0 420.0
250.4 420.0
259.0 420.0
270.0 420.0
280.0 420.0
290.0 420.0
300.0 420.0
310.0 420.0
320.0 420.0
330.0 420.0
340.0 420.0
350.0 420.0
360.0 420.0
370.0 419.3
380.0 420.0
390.0 419.1
400.0 420.7
410.0 420.0
420.0 420.0
430.0 420.0
440.0 420.0
450.0 420.0
459.7 420.0
470.0 420.0
480.0 420.0
490.0 420.0
0.0 430.0
9.6 430.0
20.0 430.0
30.0 430.0
40.0 430.0
50.0 430.0
60.0 430.0
70.0 430.0
80.0 430.0
90.0 430.0
100.0 430.0
110.0 431.0
120.0 430.0
130.0 429.1
140.0 430.0
150.0 430.0
160.0 430.0
170.0 430.0
180.0 430.0
190.0 430.0
200.0 430.0
210.0 430.0
220.0 430.0
230.0 430.0
240.0 430.0
250.0 430.0
260.0 430.0
270.0 429.9
280.0 430.0
289.0 430.0
300.0 430.0
310.0 430.0
320.0 430.0
330.0 430.0
340.0 430.0
350.0 430.0
360.0 430.0
370.0 430.0
380.0 430.0
390.0 430.0
400.0 430.0
410.0 430.0
420.0 430.5
430.0 430.0
440.0 430.3
451.0 430.0
460.0 430.0
470.0 430.0
480.0 430.0
490.0 430.0
0.0 440.7
10.0 440.0
20.0 440.0
30.0 440.0
40.1 440.0
50.0 440.0
60.0 440.0
70.0 440.8
80.0 440.3
90.0 440.0
100.1 440.0
110.0 440.0
120.0 440.0
130.0 440.0
140.0 440.0
150.0 440.0
160.0 440.0
170.0 440.0
180.0 440.0
190.0 440.0
200.0 440.0
210.0 440.0
220.0 440.0
230.0 440.0
240.0 440.0
250.0 440.0
260.0 440.0
270.0 440.0
280.0 440.0
290.0 440.0
299.8 440.0
310.0 440.0
320.0 440.6
330.0 440.0
340.0 440.0
349.6 440.0
360.0 440.0
370.0 440.0
380.0 440.0
390.0 440.0
400.0 440.0
410.0 440.0
420.0 440.0
430.0 440.0
440.0 440.0
450.0 440.0
460.0 440.0
470.0 440.0
479.5 440.0
490.0 440.0
0.0 450.0
10.0 450.0
20.0 450.0
29.1 450.0
40.0 450.0
50.0 450.0
60.0 450.0
70.0 450.0
80.0 450.0
90.0 450.0
100.0 450.0
110.0 450.0
120.0 450.0
129.2 450.0
140.0 450.0
150.0 450.0
160.0 450.0
169.2 450.0
180.0 450.0
189.8 450.0
200.0 450.0
209.7 450.0
220.0 450.0
230.0 450.0
240.0 450.0
250.0 450.0
260.0 450.0
270.0 450.0
280.6 450.0
290.0 450.0
299.0 450.0
310.0 450.0
320.0 450.0
330.0 450.0
340.0 450.0
350.0 450.0
360.0 450.0
370.0 449.4
380.0 450.0
390.0 449.3
400.0 450.0
410.0 450.0
420.0 450.2
430.0 450.0
440.0 450.0
450.0 450.0
460.0 450.0
470.0 450.0
480.0 450.0
490.0 450.0
0.0 460.0
10.0 460.0
20.0 460.0
30.0 460.0
40.0 460.0
50.0 460.0
60.0 460.0
70.0 460.0
80.0 460.2
90.0 460.0
100.0 460.0
110.0 460.0
120.0 460.0
130.0 460.0
140.0 460.0
150.0 460.0
160.0 460.0
170.0 460.0
180.0 460.0
190.0 460.0
200.0 460.0
210.0 460.0
220.0 460.0
230.0 460.0
240.0 459.6
250.0 460.8
260.0 460.0
270.0 460.0
280.0 460.0
290.0 460.0
300.0 460.0
310.0 460.0
320.0 460.0
330.0 460.0
340.0 460.0
350.0 460.0
360.0 460.0
370.0 460.0
380.0 460.0
390.0 460.0
400.0 460.0
410.0 460.0
420.0 460.0
430.0 460.0
440.0 460.2
450.0 460.0
460.0 460.0
470.1 460.0
480.0 460.0
490.0 460.0
0.0 470.0
10.0 470.0
20.0 470.0
29.4 470.0
40.0 470.0
50.0 470.0
60.0 470.0
70.0 470.0
80.0 470.6
90.0 470.0
100.0 470.0
110.0 470.0
120.0 470.5
130.0 470.0
140.0 470.0
150.0 470.0
160.0 470.0
171.0 470.0
180.0 470.0
190.0 469.8
200.0 470.0
210.0 470.0
220.0 470.0
230.0 470.0
240.0 470.0
250.0 470.0
260.0 470.0
270.0 470.0
280.0 470.0
290.0 470.0
300.0 470.0
310.0 470.3
319.1 470.0
330.0 470.0
340.0 470.0
350.0 470.0
360.0 470.0
370.0 470.0
380.0 470.0
390.0 470.0
400.0 470.0
410.0 470.0
420.0 470.0
430.0 470.0
440.0 469.2
450.0 470.0
460.0 470.0
470.0 470.0
480.0 470.0
490.0 470.0
0.0 480.0
10.0 480.0
20.0 480.0
30.0 480.0
40.0 480.0
50.0 480.0
60.0 480.0
70.0 480.0
80.0 480.0
90.0 480.0
100.0 480.0
110.0 480.0
120.0 480.0
129.8 480.0
140.0 480.0
150.0 480.0
160.0 480.0
170.0 480.0
180.0 480.0
190.0 480.0
200.0 480.0
210.0 480.5
220.0 480.0
230.0 480.0
240.0 480.0
250.0 480.0
260.0 480.0
270.0 480.0
280.0 480.0
290.0 480.0
300.0 480.0
310.0 480.0
320.0 480.0
330.0 480.0
340.5 480.0
350.0 480.0
360.7 480.0
370.0 480.0
380.0 480.2
390.0 480.0
400.0 480.3
410.0 479.1
420.0 480.0
430.0 480.0
440.0 480.0
450.5 480.0
460.0 480.0
470.0 480.0
480.0 480.0
490.0 480.0
0.0 490.0
10.0 490.0
20.0 490.0
30.0 490.0
40.0 490.0
50.0 490.0
60.0 490.0
70.0 490.0
80.0 490.0
90.0 490.2
100.0 490.0
110.0 490.0
120.0 490.0
130.0 490.0
140.0 490.0
150.0 490.0
160.0 490.0
170.0 490.0
180.0 490.0
190.0 491.0
200.0 490.0
210.0 490.0
220.0 490.0
230.0 490.0
240.0 490.0
250.0 489.5
260.0 490.0
270.0 490.0
280.0 490.2
290.0 490.0
300.0 490.0
310.0 490.0
320.4 490.0
330.0 490.0
340.0 490.0
350.0 490.5
360.0 490.0
370.0 490.0
380.0 490.0
390.0 489.0
400.0 490.0
410.0 489.6
420.0 490.0
430.0 490.0
440.0 490.0
450.0 490.0
460.0 490.0
470.0 490.0
480.0 490.0
490.0 490.0
