2 0
6 0
10 0
14 0
18 0
22 0
26 0
30 0
34 0
38 0
0 4
4 4
8 4
12 4
16 4
20 4
24 4
28 4
32 4
36 4
2 8
6 8
10 8
14 8
18 8
22 8
26 8
30 8
34 8
38 8
0 12
4 12
8 12
12 12
16 12
20 12
24 12
28 12
32 12
36 12
2 16
6 16
10 16
14 16
18 16
22 16
26 16
30 16
34 16
38 16
0 20
4 20
8 20
12 20
16 20
20 20
24 20
28 20
32 20
36 20
2 24
6 24
10 24
14 24
18 24
22 24
26 24
30 24
34 24
38 24
0 28
4 28
8 28
12 28
16 28
20 28
24 28
28 28
32 28
36 28
2 32
6 32
10 32
14 32
18 32
22 32
26 32
30 32
34 32
38 32
0 36
4 36
8 36
12 36
16 36
20 36
24 36
28 36
32 36
36 36
