1 0
4 0
7 0
10 0
13 0
16 0
19 0
22 -0.4
25 0
28 0
31 0
34 0
37 0
40 0
42.9 0
46 0
49 0
52 0
55 0
58 0
61 0
64 0
67 0
70 0
73 0
76 0
79 0
82.3 0
85 0
88 0
91 0
94 0
97 0
100 0
103 0
106 0
109 0
112 0
115 0
118 0
121 0
124 0
127 0
130.2 0
133 0
136 0
139 0
142 0
145 0
148 0
151 0
154 0
157 0
160 0
163 0
166 0
169 0
172 0
175 0
178 0
181 0
184 0
187 0
190 0
193 0
196 0
199 0
202 0
205 0
208 0
211 0
213.9 0
217 0
220 0.2
223 0
226 0
229.5 0
231.6 0
235 0
238 0.1
241 0
244 0
247 0
250 0
253 0
256 0
259 0
262 0
265 0
268.3 0
271 0
274 0
277 0
280 0
283 0
286 0
289 0
292 0
295 0
298 0
0 3
3 3
6 3
9 3
12 3
15 3
18 3
21 3
24 3
27 3
30 3
33 3
36 3
39 3
42 3
45 3
48 3
51 3
54 3
57 3
60 3
63 3
65.7 3
69 3
72 3
75 3
78.2 3
81 3
84 3
87 3
90 3
93 3
96 3
99 3
102 3
105 3
108 3
111 3
114 3
117 3
120 3
123 3
126 3.1
129 3
132 3
135 3
138 3
141 3
144 3
147 3
150 3
153 3
156 3
159 3
162 3
165 3
168.4 3
171 3
174 3
177 3
180 3
183 3
186 3
189 3
192 3
195 3
197.6 3
201 3
204 3
207 3
210 3
213 3
216 3
219 3
222 3
225 3
228 2.7
231 3
234 3
237 3.1
240.2 3
243 3
246 3
249 3
252 3
255 3
258 3
261 3
264 3
267 3
270 3.1
273 3
276 3
279 3
282 3
285 3
288 3
291 2.6
294 3
297 3
5 6
8 6
11 6
14 6
17 6
20 6
23 6
26 5.7
28.9 6
32 6.3
35 6
38 6
40.7 6
44 6
47.1 6
50 6.3
53 6
56 6
59 6
62 6
65 6
68 6
71 6
74 6
77 6
80 6
83 6
86 6
89 6
92 6
95 6
98 6
101 6
104 6
107 6
110 6.5
113 6
116 6
119 6
122.5 6
125.3 6
128 6
131 6
133.6 6
137 6
140 6
143 6
146 6
149 6
152 6
155 6
158 6
160.8 6
164 6
167 6
170 6.4
173 6
176 6
179 6
182 6
185 6
188 6
191 6
194 6
197 6
199.8 6
202.7 6
206 6
209 6
212 6
215 6
218 6
221.1 6
224.3 6
227 6
230 6
233 6
236 6
239 6
242 6
245 6
248 6
251 6
254 6
257 6.5
260 6
263 6
266 6
269 6
272 6
275 6
278 6
281 6
284 6
287 6
290 6
293 6
296 6
299 6
302 6
0 9
3 9
6 9
9 9
12 9
15 9
17.6 9
21 9
24 9
27 9
30 9
33 9
35.7 9
39 9
42 9
44.7 9
48 8.7
51 9
54 9
57 9
60 9
63 9
66 9.1
69 8.7
72 9
75 8.7
78 9
81 9
84 9
87 9
90 9
93 9
96 9
99 9
102 9
105 9
108 9
111 9
114 9
117 9
120 9
123 9.1
126.1 9
129 9
132 9
135 9
138 9
141 9
144 9
147 9
150 9
153 9
156 9
159 9
162.2 9
165 9
168 9
171 8.6
174 9
177 9
180 9
183 9
186 9
189 9
192 8.6
195 9
198 9
201 9
204 9
207 9
210 9
213 9
216 9
219 9
222 9
225 9
228 9
230.6 9
234 9.5
237 9
240 9
243 9
246 9
249 9.5
252 9
255 9
258 9
261 9
264 9
267 9
270 9
273.5 9
276 9
279 9
282 9
285 9
288 9
291 9
294 9
297 9
9 12
11.9 12
15 12
18 12
20.6 12
24 12
27 12
30 12
33 12
36 12.4
39 12
42 12
45 12
48 12
51 12
54 12
56.6 12
60 12
63 12
66 12
69 12
72 12
75 12
78 12
81 12
84 12
87 12
90 12
93 12
96 12
99 12
102 12
105 12.5
108 12
111 12
114 12
117 12
120 12
123 12
126 12
129 12
132 12
135 12
138 12
141 12
143.8 12
147 12
150 12
152.6 12
156 12
159 12
162 12.1
165 12
168 12
171 12
174 12.5
177 12
180 12
183 12
186 12
189 12
192 12
195 12
198 12
201 12
204 12
207.5 12
210 12
213 12
216 12
219 12
222 12
225 12
228 12
231 12
234 12
237 12
240 12
243 12
246 12
249.5 12
252 12
255 12
258 12
261 12
264 12
267 12
270 12
273 12
276 12
279 12
282 12
285.4 12
288 12.3
291 12
294 12
297 12
300 11.9
303 12
306 12
0 15
3 15
6 15
9 15
12 15
15 15
18 15
21 15
24 15
27 15
30 15
33 15
36 15
39 15
42 15
45 15
48 15
50.6 15
54 15
57 15
60 15
63 15
66 15
69 15
72 15
75 15
78 15
81 15
84 15
87 15
90 15.2
93 15.1
96 15
99 15
102 15
105 15
108 15
111 15
113.8 15
117 15
120 15
123 15
126 15
129 15
132 15
135 15
138 15
141 15
144 15
146.8 15
150 15
153 15
156 15
159 15
162 15.1
165 15
168 15
171 15
174 15
177 15
180 15.4
183 15
186 15.2
189 15
192 15
195 15
198 15
201 15
204 15
207 15
210 15
213 15
216 15.4
219 14.9
222 14.7
225.3 15
228 15
231 15
234 15
237 15
240 15
243 15
246 15.5
249 15
252 15
255 15
258 15
261 15
264 15.5
267 15
270 15
272.8 15
276 15
279 15
282 15
285 15
288 15
291.5 15
294 15
297 15
13 18.2
16 18
19 18
22 18
25 18
28 18.1
31 18
34 18
37 18
40 18
43 18
46 18
49 18
52 18
55 18
58 18
61 18
64 18
67 18
70 18
73 17.9
76.1 18
79 17.7
82 17.7
85 18.4
88 18
91 18
93.9 18
97 18
100 18
103 17.7
106 18
109 18
112 18
114.6 18
118 18
121 18
124 18
127 18
130 18
133 18
136 18
139 18
142 18
144.6 18
148 18
151 18.4
154 18
157 18
160 18
163 18
166 18
169 18
172 18
175 18
178 18
181 18
184 18
187 18
190 18
193 18
196 18
199 18
202 18
205 18
208 18
211.4 18
214 18
217 18
220 18
223 18
226 18
229 17.8
232 18
235 18
238 18
241 18
244 18
247 18.3
250.2 18
253 18.4
256 18
259 18
262 18
265.2 18
268 18
271 18
274 18
277 18
280 18
283 18
285.9 18
289 18
292 18
295 18
298 18
301.4 18
304 18
307 18
310 18
0 21
3 21
6 21
9 21
12 21.3
15 21
18 21
21 21
24 21
27 20.6
30 21
33 21
36 21
38.6 21
42 21.5
45 21
48 20.9
51 21
54 21
57 21
60 21
63 21
66 21
69 21
72 21
75 21
78 21
81 21
83.7 21
87 21
90 21
93 21
96 21
99 21
102 21
105 21
108 21
111 21
114 21
117 21
120 21
123 21
126 21
129 21
132 21
135 21
138 21.4
141 21
144 21
147 21
150 21
153 21
156 21
159 21
162 21
165 21
168 21
171 21
174 21
177 21
180.5 21
183 21
186 21
189 21
192 21.2
195.4 21
198 21
201 21
204 21
207 21
210 21
213 21
216 21
219 21
222 21
225 21
228 21
231 21
234 21
237 21
240 21.3
243 21
246 21
249 21
252 21
255 21
258 21
261 21
264 21
267 21
269.8 21
273 21
276 21
279 21
282 21
285 21
288 21
291 21
294 21
297 21
17 24
20 24
23 24
26 24
29 24
31.6 24
35 24
37.9 24
41 24
44 24
47 24
50 24
53 24.4
56 23.6
59 24
62 24
65 24
68 24
71 24
74 24
77 24
80 24
83 24
86 24
89 24
92 24
95 24
98 24
101 24
104 24
107 24
110 24
113 24
116 24
119 24
122 24
125 24
128 24
131 24
134 24
137 24
140 24
143 24
146 24
149 24
152 24
155 24
158 24
161 24
164 24
167 24
170 24
173 24
176 24
179 24
182 24
185 24
188 24.2
191 24
194 24
197 23.9
200 24
203 24.4
206 24
209 24
212 24
215 23.7
218 24
221 24
224 24
227 24
230 24.2
233 24
236 24
239 24
242 24
245 24
248 24
251 24
254 24
257 23.7
260 24
263 24
266 24
269 24.2
272 24
275 24
278 24
281 24
284 24
287 24
290 24
293 24
296.4 24
299 24
302 24
305 24
308 24
311 24
314 24
0 27
3 27
6 27
9 27
12 27
15 27
18 27.5
21 27.2
24 27.5
27 27
30 27
33 27
36 27.2
39 27
42 27
45.1 27
48 27
50.6 27
54 27
57 27.2
60 27
63 27
66 27
69 27
72 27
75 27
78 27
81 27
84.5 27
87 27
90 27
93 27
96 27.4
99 27
102 27
105 27
108 27
111 27
114 27
117 27
120 27
123 27
126 27
129 27.1
132 27
135 27
138 27
141 27
144 26.6
147 27
150 27
153 27
156 27
159 27
162 27
165 27
168 27
171 27
174 27
177 27
180 27
183 27
186 27
188.6 27
192 27
195 27
198 27
201 27
204 27
207 27
210 27
213 27
216.4 27
219 27
222 27
225 27
228 27
231 26.7
234 27
237 27
240 27
243 27
246 27
249 27
252 27
255 27
258 27
260.9 27
264 27
267 27
270 27
273 27
276 27
279 27
281.9 27
285 27.2
288 27
291 27
294 27
297 27
21 30
24 30
27 30
30 30
33 30
36 30
39 30
42 30
45 30
48 30
51 30
54 30
57 30
60 30
63 30
66 30
69 30
72 30
75 30
78 30
81 30
84 30
87 30
90 30
93 30
96 30
99.3 30
102 30
105 30
108 30
111 30
113.6 30
117 30
120 30
123 30
126 30
129 30
132 30
135 30
138 30
141 30
144 30
147 30
150 30
153 30
156 30
158.8 30
162 30
165 30
168 30
171 30
174 30
177 30
180 30
183 30
185.9 30
189 30
192 30
195 30
198 29.9
201 30
204 30
207 30
210 30
213 30
216 30
219 30
222 30
225 30
228 30
231 30
233.8 30
237 30
240 30
243 30
246 30
249 30
252.3 30
255 30
258 30
261 30
264 30
267 30
270 30
273 30
276 30
279 30
282 30
285.5 30
288 30
291 30
294 30.3
297 30
300 30
303 30
306 30
309 30
312 30
315 30
318 30
0 33
3 33
6 33
9 33
12 33
15 33
18 33
21 33
24 33
27 33
30 33
33 33
36 33
39 33
42 33
45 33
48 33
51 33
54 33
57 33
60 33
63 33
66 33
69 33
72 32.6
75 33
78 33
81 33
84 33
87 33
90 33
93 33
96 33
99.5 33
102 33
104.7 33
108 33
111 33
114 33
117 33
120 33
123 32.7
126 32.7
128.8 33
132 33
135 33
137.9 33
141 33
144 33
147 33
150 33
153 33
156 33
159 33
162 33
165 33
168 33
171 33
174 33
177 33
180 33
183 33
186 33.2
189 33
192 32.8
195 33
198 33
201 33
204 33
207 33
210 33
213 33
216 33
219 33
222 33
225 33
228 33
230.9 33
234 33
237 33
240 33
243 33
246 33
249 33
252 32.9
255 33
257.6 33
261 33
264 33
267 33
270 33
273 32.8
276 33
279 33
282 32.9
285 33
288 33
291 33
294 33
297 33
25 36
28 36
31 36
34 36
37 36
40 36
43 36
46 36
49 36
52 36
55 36
58 36
61 36
64 36
67 36
70.3 36
73 36
76 36.1
79 36
82 36
85 36
88 36
91 36
94 36
97 36.4
100 36
103 36
106 36
109 36
112 36
115 36
118 36
121 36
124 36
127 36
130 36
133 35.7
136 36
139.3 36
142 36
145 36
148.4 36
151 36
154 36
157.3 36
160 36.2
163 36
166 36
169 36
172 36
175 36
178.3 36
181 36
184 36
187 36.4
190 36
193 36
196 36
199 36
202 36
205 36
208 36
211 36
214 36
217 36
220 36.1
223 36
226 36
229.4 36
232 36
235 36
238 36
241 36
244 36
247 36
250 36
253 36
256 36
259 36
262 36
265 36
267.9 36
271 36
274 36
277 36
280 36
283 36
286 36
289 36
292 36
295 36
298 36
301 36
304 35.6
307 36
310 36
313 36
316 36
319 36
322 36
0 39
3.5 39
6 39
9 39
12 39
15 39
18 39
21 39
24 39
27 39
30 39
33 39
36 39
39 39
42 39
45 39
48 39
51 39
54 39
57 39
60 38.7
63 39
66 39
69 39.5
72 39
75 39
78 39
81 39
84 39
87 39
90 39
93 39
96 39
99 39
102 39
105 39
108 39
111 39
114 39
117 39
120 39
123 39
126 39
129 38.6
132 39
135 39
138 39
141 39
144 39
147 39
150 39
153 39
156 39
159 39
162.5 39
165 39
168 39
171 39
174 39
177 39
180 38.6
183 39
186 39
189 39
192 39.4
194.6 39
198 39
201 39
204 39
207 39
210 39
213 39
216 39
219 39
222 39
225 39
228 39
231 39
234 39
237 39.1
240 39
243 39
246 39
249 39
252 39
255 39
258 39
261 39
264 39.2
267 39
270 39
273 39
276 39
279 39
282 39
285.3 39
288.2 39
290.8 39
294 39.4
297.4 39
29 42
32 42
35 42
38 42
41 42
44 42
47 42
50 42
53 41.7
56 42
59 42.3
62 42
65 42
68 42
71 42
74 42
77 42
80 42
83 42
86 41.7
89 42
92 42
95 42
98 42
101.3 42
104 42
107 42
110 42
113 42
116 42
119 42
122 42
125 42
128.5 42
131 42
134 42
137 42
140 42
143 42
146.3 42
149 42
152 42
155 42
158 42
161 42
164.3 42
167 42
170 42
173 42
176 42
179 42
182.5 42
185 42
188 42
191 42
194 42.3
197 42
200 42
203 42
206.3 42
208.9 42
212 42
215 42
218 42
221 42
224 42
227 42
230 42
233 42
236 42
239 42
241.8 42
245 41.8
248 42
251 42
254 42
257 42
260.3 42
263 42
266 42
269 42
272 42
275 42
278 42
281 42
284 42
287 42
290 42
293 42
296 42
299.3 42
302 42
305 42
308 42
311 42
314 42
317 42
320 42
323 42
326 42
0 45.3
3 45
6 44.6
9 45
11.8 45
15 45
18 45
21 45
24 45
27 45
30 45
33 45
36 45
39 45
42 45
45 45
48 45
51 45
54 45
57 45
60 45
63 45
66 45
69 45
72 45
75 45
77.8 45
81 44.7
84 45
87 45
90 45
93 45
96 44.6
99 45
102 45
105 45
108 45
111 45
114 45
117 45.5
119.7 45
123 45
126 45
129 45
132 45
135 45
138 45
141 45.1
144 45
147 45
150 45
153 45
156 45
159 45.5
162 45
165 45
168 45
171 45
174 45
177 45
179.6 45
183 45
186 45.3
189 45
192 45
195 45
198 45
201 45
204 45
207 45
210 45
213 45
216 45
219 44.6
222 45
225 44.7
228 45
231 45
234 45
237 45
240 45
243 45
246 45
249 45
252 45
255 45
258 45
261 45
264 45.1
267 45
270 45
273 45.1
276 45
279 45
282 45
285 45
288 45
291 45
294.3 45
297 45.1
33.2 48
36 48
39 48
42 48
45 48
48 48
51 48
54 48
57 48
60 48
63 48
66 48
69 48
72 48
75 48
78 48
81 48
84 48
87 48
90 48
93 48
96 48
99 48
102 48
105 48
108 48
111 48
114 48
117 48
120 48
123 48.1
126 48
129 48
132 48
135 48
138 48
141 48
144 48
147 48
150 48
153 48
156 48
159 48
162 48
165 48
168 48
171 48
174 48
177 48
180 48
183 48
186 47.9
189 48
192 47.6
195 48
198 48
201 48
203.6 48
207 48
210 48
213 48
216.1 48
219 48
222 48
224.8 48
228 48
231 48
234 48
237 48
240 47.7
243 48
246 47.9
249 48
252 48
255 48
258 48
261 48
264 48
267 48
270 48
273 48
276 48
279.2 48
282 48
285 48
288 48
291 48
294 48
297 48
300 48
303 48
306 48
309 48
312 48
314.7 48
318 48
321 48
324 48
327 48
330 48
0 51
3 51
6 51
9 51.4
12 51
15 51
18 51
21 51
24 51
27 51
30 51.5
33 51
36 51.1
39.4 51
42 51
45 51
48 51
51 51
54 51
57 51
60 51
63 51
66 51
68.6 51
72 51
75 51
78 51
81 50.8
84 51
87 51
90 51
93 51
96 51
99 51
102 51
105 51
108 51
111 51
114 51
116.6 51
120 51
123.2 51
126 51
128.9 51
132 51
135 51
138 51
141 51
144 51
147 51
150 51
153 51
156 51
159 51
162 51.4
165 51
168 51
171 51
174 50.6
177 51
180 51
183 51
186 51
189 51
192 51
194.7 51
198 51
201 51
204 51
207.2 51
210 51
213 51
216 51
219 51
222 51
225 51
227.6 51
231 51
234 50.7
236.8 51
240 51.3
243 51
246 51
249 51
252 51
255 51
258 51
261 51
264 51
267 50.8
270 51
273 51
276.5 51
279 51
281.8 51
285 51
288 51
291 51
294 51
297 51
37 54
40 54
43 54
46 54
49 54
52 54
55 54
58 54
61 54
64 54
67 54
70 54
73 54
76 54
79 54
82 54
85 54.3
88 54
91.5 54
93.6 54
97 54
100 54
102.8 54
106 54
109 54
112 54
115 54
118 54
121 54
124 54
127 54.1
130 54
133 54
136 54
139 54
142 54
145 54
148 54
151 54
154 53.6
157 54.4
160 54
163 54
166 54
169 54
172 53.8
175 54
178 54
181 54
184 54
187 54
190 54
193 54
196 54
199 54
202 54
205 54
208 54
211 54
214 54
217 54
220.2 54
223 54
226 54.3
229.4 54
232 54
235 54
238 54
241 54
243.9 54
247 54
250 54
253 54
256 54
259 54
262 54
265 54
268 54
271 54
274 54
277 54
280 54
283 54
286 54
289.4 54
292 54
295 54
298 54.2
301 54
304 54
307 54
310 54
313 54
316 54
319 54
322 54
325 54
328 54
331 53.9
334 54
0 57
3 57
6 57
9 57
12 57
15 57
18 56.7
21 57
24 57
27 57
29.9 57
33.5 57
36 57
39 57
42 57.4
45 57
47.9 57
51 57
54 57
57 57
60 57
63.3 57
66 57
69 57
72 57
75 57
78.4 57
81 57
84 57
87 57
90 57
93 57
96 57
99 57
102.3 57
105.2 57
108 57
111 57
114 57
117 56.9
120 57
123 57
126 57
129 57
132 57
135 57
138 57
141 57
144 57
147 57
150 57
153 57
156.4 57
159.5 57
162 57
164.6 57
168.1 57
171.1 57
174 57
177.1 57
180 57
183 57
186 57
189 57
192 57
195 57
198 57
201.5 57
204 57
207 57
210 57
213 57
216 57
219 57
222 57
225 57
228 57
231 57
233.7 57
237 57
240 57
243 57
246 57
249 57
252 57
255 57
258 57
261 57
264.2 57
267 57
270 57
273 57
276 57
279 57
282 57
285 57.4
288 57.3
291 57
294 57
297 57
41 60
44 60
47 60
50 60
53 60
56 60
59 60
62 60
65 60
68 60.1
71 60
74 60
77 60
80 60
82.9 60
86 60
89 60
92 60
95 60
98 60
101 60
104 60
107 60
110 60
112.9 60
115.6 60
119.4 60
122 60
125.1 60
128 60
131 60
134 60
137 60
140 60.1
143 60
146 60
149 60
152 60
155 60
158 60
161 60.1
164 60
167 60
170 60
173 60
176 60
179 60
182 60
184.7 60
188 59.6
191 60
194 60
197 60
200 60
203 60
206 60
209 60
212 60
215 60
218.3 60
221 60
224 60
227 60
230 60
233 60
236 60
238.8 60
242 60
245 60
248 60
251 60
254 60
257 60
260 60
263 60
266 60
269 60.5
272 60
275 60
278 59.9
281 60
284 60
287 60
290.5 60
293 60
296 60
299 60
302 60
305 60
308 60
311 60
314 60
317 60
320 60
323 60
326 60
329 60
332 60
335 60
338 60
0.3 63
3 63
6.4 63
9 63
12 62.7
15 63
18 63
21 63
24 63
27 63
30 63
33 63
36.5 63
39.3 63
42 63
45 63
48.4 63
51 63
54 63
57 63
60 63
63 63
66 63
69 63
72 63
75 63.5
78 62.8
81 62.8
84 63
87.1 63
89.9 63
93 63
96 63
99 63
102 63
105 63
108 63
110.8 63
114 63
117 63
120.5 63
123.2 63
125.7 63
129 63
132 63
135 63
138 63
141 63
144 63
147.4 63
150 63
153 63
156 62.6
159 63
162 63
165 63
168 63
171 63
174 63
177 63
179.6 63
183 62.6
186 63
189 63
192 63
195 63
198 63
201 63
204 63
207 63
210 63
213 63
216 63
219 63.3
222 63
225 63.3
228 63
231 63
233.8 63
237 63
240 63
243 63
246 63
249 63
252 63
255 63
258 63.5
261 63
264 63
267 63
270 63
273 63
276 63
279 63
281.8 63
285 63.5
288 63
291 62.9
294 63
297 63
45 65.7
48 66
51 66
54 66
57 66
60 66
63 66
66 66
69 66
72 66
75 66
78 66
81 66
84 66
86.6 66
90 65.9
93 66
96 66
99 66
102 66
105 66
108 66
111 66
114 66
117 66
120 66
123 66
126 66
129 66
132 66
135 66
138 66.2
141 66
144 66
147 66
150 66
153 66
156 66
159 66
162 66
165 66
168 66
171 66
174 66
177 66
180 66
183 66
186 66
189 66
192 65.8
195 66
198 66
201 66
204 66
207 66
210 66
213 66
216 66
219 66
222 66
225 66
228 66
231 66
234 66
237 66
240 66
242.7 66
246 66
249 66
252 66.2
255 66
258 66
261 66
264 66
267 66
270 66
273 66
276 66
279 66
282 66
285 66
288 66
291.2 66
294 66
297 66.5
300 66
303 66
306 66
309 66
312 66
315 66
318 66
321 66
324 66
327 66
330 66
332.8 66
336 66
339 66
342 66
0 69
3 69
6 69
9 69
12 69
15 69
18 68.7
21 69
24 69
27 69
30 69
33 69
36 68.8
39 69
42 69
45 69
48 69
51 69
53.7 69
57 69
60 69
63 69
66 69
69 69
72 69
75 69
78 69
81 69
84 69
87.1 69
90 69
93 69
96 69
99 69
102 69
105 69
108 69
111 69
114 69
116.9 69
120 69
123 69
126 69
129 69
132 69
135 69
138 69
141 69
144.1 69
147 69
150 68.7
153 69
156 69
159 69
162 69
165 69
168 69
170.8 69
174 69
177 69
180 69
183 69
186 69
189 69
192 69
195 69
198 69
201 69
204 69
207 69
210 69
213 69
216 69
219 69
222 69
225 69
228 68.6
231 69
234 69
237 69
240 69
243 69
246 69
249 69
252.1 69
255 69
258 69
261 69
264 69
267 69
270 69
273 69
276.3 69
279 69
282 69
285 69
288 69
291 69
294 69
297 68.6
49 72
52 72.4
55 72
58 72
61 72
64 72
67 72
70 72
73 72
76 72
79 71.9
82 72
85 72
88 72
91 72
94 71.6
97 72
100 72
103 72
106 72
109 72
112 72
115 72
118 72
120.9 72
124 72
127 72
130 72
133 72
136 72
139 72
142 72
145 72
148 72
151 72
154 72
156.8 72
160 72
163 72
166 72
169 72
172 72
175 72
178 72
181 72
183.8 72
187 72.1
190 72
193 72
196 72
199 72
202.2 72
205 72
208 72
211 72
214 72
217 72
220 72
223 72
226 72
229 72
232 72
235 72
238 72
241 72
244 72
247 72
250 71.7
253 72
256 72
259 72
262 72
265 72
268 72
271.4 72
274 72
277 72
280 72
283 72
286 72
289 72
292.3 72
295 72
298 72
301 72
304 72
307 72
310 72
313 72
316 72
319 71.8
322 72
325 72
328 72
331 72
334 72
337 72
340 72.2
343 72
346 72
0 75
3 75
6 75
9 75
12 75.2
15 75
18 75
21 75
24 75
27 75
30 75
33 75
36.5 75
39 75
42 75
45 75
48 75
51 75
54 75
57 75
60 75
63 75
66 75
69 75
72 75
75 75
78.5 75
81.2 75
84 75
87 75
90 75
93 75
96 75
99 75
102 75
105 75
108 75
111 75
114 75
117 75
120 75
123 75
126 75
129 75
132 75
135.4 75
138 75
141 75
144 75
147 75
150 75
153 75.3
156 75
159 75
162 75
165 75
168 75
171 75
174 75
177 75.5
180 75
183 75
186 75
189 75
192 75
195 75
198 75
201 75
204 75
207 74.9
210 75
213 75
216 75
219 75
222 75
225 75.3
228 75
231 75
234 75
237 75
240 74.9
243 74.9
246 75
249 75
252 75
255 75
258 75
261 75
264 75
267.1 75
270 75
273 75
276 75
279 75
282 75
285 75
288 75
291 75
294 75
297 75
53 78
56 78
59 78
62 77.8
65 77.7
68.3 78
71 78
74 78
77 78
80 78
83 78
86.2 78
89 78
92 77.7
95 77.7
98 78
101.1 78
104 78
106.8 78
110 78
113 78
116 78
119 78
122 78
125 78
128 78
131 78
134 78
137 78
140.1 78
143.5 78
146 78
149 78
152 78
155 78
158 78
161 78
164 78
167 77.6
170 78
173 78
176 78
179 78
182 78
185 78
188 78
191 78
194 78
197 78
200 78
203 78
205.6 78
209.1 78
212 78
215 78
218 78
221 78
224 78.5
227 78
230 78
233 78
236 78
239 78.2
242 77.7
245 78
248 78
251 78
254 78
257 78
260.4 78
263 78
266 78
269 78
272 78
275 78
278 78
281 78
284 78
287 78.2
290 78
293 78
296 78
299 78
301.9 78
305 78
308 78
311 78
314 78
317 78
320 78
323 78
326 78
329 78
332 78
335 78
338 78
341 78
344 78
347.5 78
349.9 78
0 81
3 81
6 81
9 81
11.9 81
15 81
18 81
21 81
24 81
27 81
30.4 81
33 81
36.4 81
39 81
42.5 81
44.9 81
47.8 81
51 81
54 81
57 81
60 81
63 81
66 81
69 81
72 81
75.3 81
78 81
81 81
84 81
87 81
90 81
93 81
96 81
99 81
101.6 81
104.6 81
108 81
111 81
114 81
117 81
120 81
123 81
126 81
129 81
132 81.4
135 80.8
138 81
141 81
144 81
147 81
150 81
153 81
156.2 81
159 81
162 81
165 81
168 81
171 81
174 81
177 81
180 80.9
182.7 81
186 81
189.2 81
192 81
195 81
198 81
201 81
204 81
207 81
210 81
213 81
216 81
219 80.8
222 81
225 81
228 81
231 81
234 81
237 81
240 81
243 81
246 81
249 81
252 81
255 81
258 81
261 81
264 81
267 81
270 81
273 81
275.8 81
279 81
282 81
285 81
288 81
291 81
294 81
297 81
57 84
60 84
63 83.9
66.3 84
69 84
72 84
75 84
78 84
81 84
84 84
87 84
90 84
93 84
96 84
99.5 84
102 84
105 84
108 84
111 84
114 84
117 84
120 84
123 84
126 84
129 84
132 84
135 84
138 84
141 84
144 84
147 84
150 84
153 84
156 84
159 84
162 84
165 84
168 84
171 84
174 84
177 84
180 84
183 83.9
186 84
189 84
192 84
195 84
198 84
201 84
204 84
207 84
210 84.4
213 84
216 84
219 84
222 84
225.4 84
228 84
231 84
234 84
237 84
240 84
243 84
246 84
249 84.4
252 84
255 84
258 84.1
261 84
264 84
267 84
270 84
273 84
276 84
278.6 84
282 84
285 84
288 84
291 84
294 83.6
297 84
300 84
303.1 84
306 84
309 84
312 84
315 84
318 83.6
321 84
324 84
327 84
330 84
333 84
336 84
339 84
342 84
345 84
348 84
351 84
354 84
0 87
3 87
6 87.5
9 87
12 87
14.9 87
18 87
21 87
24 87
27 87
30 87
33 86.6
36 87
39 87
42 87
45 87
48 87
51 87
54 87
57 87
60 87
63 87
66 87
69 87
72 87
75 87
78 87
81 87
84 87
87 87
90 87
93 87
96 87
99 87.2
102 87
105 87
108 87
111 87
113.6 87
117 87
120 87
123 87
126 87
128.6 87
132 87
135 87
138 87
141 87.4
144 87
147 87
150 87
153 87
156 87
159 87
162 87
165 87
168 87
171 87
174 87
177 87
180 87
183 87
186 87
189 87
192 87
195 87
198 87
201 87
204 87.3
207 87
210 87
213 87
216 87
219 87
222 87
225 87
228 87
231 87
234 87
237 87.4
240 87
243 87
246 86.9
249 87
252 87
255 87
258 87
261 87
264 87.2
267 87
270 87
273 87
276 87
279 87
282 87
285 87
288 87
291 87
294 87
297 86.9
61 90
64 90
67 90
70 90
73 90
76 90
79 90
82 90
85 90
88 90
91 90
94 90
97 90
100 90
103 90
106 90
109 89.8
112 90
115 90
118 90
121 90
124 90
127 90
130 90
133 90
136 90
139 90
141.6 90
145 90
147.8 90
150.7 90
154 90
157 90
160 90
163 90
166 89.7
169 90
172 90
175 90
178 90
181 90
184 90
187 89.6
190 90
193 90
196 90
199 90
202 90
205 90
208 89.6
211 90
214 90
217 90
220 90
223 90
226 90
228.9 90
232 90
235 90
238 89.8
241 90
244 90
246.6 90
250.5 90
253 89.8
256 90
259 90
262 90.5
265 90
268 90
271 90
274 90
277 90
280 90
283 90
286 90
289 90
292 90
295 90
298 90
301 90
304 89.9
307 90
310 90
313 90
316 90
319 90
322 90
325 90
328 90
331 90
334 90
337 90
340 90
343 90
346 90
349 90
352 90
355 90
358 90
0 93
3 92.6
6 93
9 93
12 93
15 93
18 93
21 93
23.9 93
27 93
30 93
33 93
36 93
39 93
42 93
45 93
48 93
51 93
54 93
57 93
60 93
63 93
66 93
69 93
72 93
75 93
78 93
81 93
84 93
87 93
90 93
92.7 93
96 93
99 93
102 93
105 93
108 93
111 93
114 93
117 93
120 93
123 93
126 93
129 93
132 93
135 93
138 93
141 93
144 93
147 93
150 93
153 93
156 93.5
159 93
162 93
164.9 93
168 93
171 93
174 93
177 93
180 93
183 93
186 93
189 93
192 93
195 93
198 93
201 93
204 93
207 93
210 93
213 93
216 93
219 93.5
222 93
225 93
228 93
231 93
234 93
237 93
240 93
243 93
246 93
249 93
252 93
255 93
258 93
261 93
264 93
267 93
270 93
273 93
276 93
279 93
282 93
285 93
288 93
291 93
294.5 93
297 93
65 96
68 96
71 96
74 96
77 96.5
80 96
83 96
86 96
89 96
92 96
95 96
98 96
101 96
104 96
107 96
110 96
113 96
116 96
119 96
122 96
125 96
128 96
131 96
134 96
137 96.5
140 96
143 96
146 96
149 96
152 96
155 96
158 96
161 96
164 96
167 96
170 96
173 96
176 95.7
179 96
182 96
185 96
188 96.5
191 96
194 96
197 96
200 96
203 96
206 96
209 96
212 96
215 96
218 96
221 96
224 96
227 96
230 96
233 96
236 96
239 96
242 96
245 96
248 96
251 96
254 96
257 96
260 96
263 96
266 96
269 96
272 96
275 96
277.7 96
281 96
284 96
287.4 96
290 96.3
293 96
296 96
299 96.2
302 96
305 96
308 96
311.3 96
313.7 96
317 96
320 96
323 96
326 96
329 96
332 96
335 96
338 96
340.6 96
344 95.6
347 96
350 96
353 96
356 96
359 96
362 96
0 99
3 99
6 98.6
9 99
12 99
15 99
18 99
21 99
24 99.1
27 99
30 99
33 99
36 99
39 99
42 99
44.8 99
48 99
51 99
54 99
57 99
60 99
63 99
66 99
69 99
71.7 99
75 99
78 99
81 99
84 99
87 99
90 99
93 99.2
96 99
99 99
102 99
105 99
108.4 99
111 99
114 99
117 99
120 99
123 99
126 99
129 99
132 99
135 99
138 99
141 99.5
144 99
147.5 99
150 99
153 99
156 99
159 99
162 99
165 99
167.9 99
171 99
174 99
177 99
180 99
183 99
186 99
189 99
192 99
195 99
198 99
201 99
204 99
207 99
210 98.9
213 99
216 99
219 99
222 99
224.7 99
228 99
231 99
234 99
237 99
240 99
243.5 99
246 99
249 99
252 99
255 99
258 99
261 99
264 99
267 99
270 99
273 99
276 99
279 99
282 99
285 99
288 99
291 99
294 99
297 99
69 102
72 102
75 102
78 102
81 102.5
84 101.9
87 102
90 102.2
93 102
96 102
99 102
102 102
105 102
108 102
110.6 102
114 102
117 101.7
120 102
123 102
126 102
129 102
132 102
135 102
138 102
141 102
144 102
147 102
150 102
153 102
156 102
159 102
162 102
165 102
168 102
171 102
174 102
177 102
180 102
183.2 102
186 102
189 102
192 102
195 102.2
198 102
201 102
204 102
207 102
210 102
213 102
216 102
219 102
222 102
225 102
228.5 102
231 102
234 102
237 102
240 102
243 102
246 102.3
249 102
252.5 102
255 102
258 102
261 102
264 102
267 102
270 102
273 102
276.5 102
279.2 102
282 102
285 102
288 102
291 101.6
294 102
297 102
300 102
303 102
306 102
309 102
312 102
314.8 102
318 102
321.4 102
324 102
327 102
330 102
333 102
336 102
339 102
342 102
345 102
348 102
351 102
354 102.5
357 102
360 102
363 102
366 102
0.4 105
3 105
6 105
9 105
12 105
15 105
18 105
21 105
24 105
27 105
30 105
33 104.8
36 105
39 105
42 105
45 105
48 105
50.8 105
53.6 105
57 105
60 105
63 105
65.6 105
69 105
72 105
75 105
78 105
81 105
84 105
87 105
90 105
93 105
96.2 105
99 105
102 105
105 105
108 105
111 105
113.9 105
117 105
120 104.6
123 105
126 105
129 105
132 104.6
135 105
138 105
141 105
144 105
147 105
150 105
153 105
156 105
159.5 105
162 105
165 104.9
168 105
171 105
174 105
177 105
180 105
183 105
186 105
189 105
192 105
195 105
198 105
201 105
204 105
207 105
210 105.2
213 105
216 105
219 105
222.4 105
225.4 105
228 105
231 105
234 105
237 105
240 105
243 105
246 105
249 105
252 105
255.1 105
258 105
261 105
264 105
267 105
270 105
273.4 105
276 105
279 105
282 105
285 105
288 105
291 105
294 105
297 105
73 108
76 108
79 108
82 108
85 108
88 108
91 108
94 108
97 108
100 108
103 108
106 108
109 108
111.6 108
115.1 108
118 108
121 108
124 108
127 108
130 108
133.4 108
136 108
138.7 108
142 108
145 108
148 108
151 108
154 108
157 108
160 108
162.9 108
166 108
168.6 108
172 108
175 108
178 108
181 108
184 108
187 108
190 108
193 108
196 108
199 108
202 108
205 108
208 108
211 108
214 108
217 108
220 108
223 108
226 108
229 108
232 108
235 108
238 108
241 108
244 108
247 108
250 108
253 108
256 108
258.8 108
262 108
265 108
267.6 108
271 108
274.4 108
277 108
280 108
283 108
286 108
289 108
292 108
295 108
298 107.7
301 108
304 108
307 108
310 108
313 108
316 108
319 108
322 108
325 108
328 108
331 108
334 108
337 108
340 108
343 108
346 108
349 108
352 108
355 108
358 108
361 108
364 108.5
367 108
369.9 108
0 111
3 111
6 111
9 111
12 111
15 111
18 110.7
21 111
24 111
27 111
30 111
33 111
36 111
39 111
42 111
45 111
48 111
51 111
54 111.3
57 111
60 111
63 111
66 111
69 111
72 111
75 111
78 111
81 111
84 111
87 111
90 111
93 111
96 110.9
99 111
102 111
105 111
108 111
111 111
114 111
117 111
120 111
123 111
126 111
129 111
132 111
135 111
138 111
141 111
144 111
147 111
150 110.7
153 111
156 111
159 111
162 110.8
165 111
168 111
171 111
174 111
177 111
180 111
183 111
186 111
189 111
192 111
195 111
198 111
201 111
204 111
207 111
209.9 111
213 111
216 111
219 111
222 111
225 110.8
228 111
231 111
234 111
237 111
240 111
243 111
246 111
249 111
252 111
255 111
258 111
261 111
264 111
267 111
270 111
273.2 111
276 111
279 111
282 111.1
285 111
288 111
291 111
294 111
297 111
77.5 114
80 114
83 114
86.3 114
89 114
92 114
95 113.9
98 114
101 114
104 114
107 114
110 114
112.7 114
116 114
119.5 114
122 114
125 114
128 114
131 114
134 114
137 114
140 114.3
143 113.6
146 114
149 114
152 114
155 114
158 114
161 114
164 114
167 113.8
170 114
173 114
176 114
179 114
182 114
185 114
188 114
191 114
194 114
197 114
200 114
203 114
206 114
209 114
212 114
215 114
218 114
221 114
224 114
227 114
230 113.8
233 114
236 114.1
239 114
242 114
245 114
248 114
250.8 114
254 114
257 113.7
260 114
263 114
266 114
269 114
272 114.4
275 114
278 114
281 113.7
284 114
287 114
290 114
293 114
296 114
299 114
302 114
305 114
308 114
311 114
314 114
317 114
320 114
323 114
326 114
329 114
332 114
335 114
338 114
340.8 114
344 114
347 114
350 114
353 114
356 114
359 114
362 114
365 114
368 114
371 114
374 114
0 117
3 117
6 117
9 117
12 117
15 116.8
18 116.8
21 116.8
24 117
27 117
30 117
33 117
36 117
39 117
42 117
45 117
48 117
51 117.3
54 117
57.3 117
60 116.9
63 117
66 117
69 117
72 116.7
75 117
78 117
81 117
84 117
87 117
90.4 117
93 117
96 117
98.9 117
102 117
105 117
108 117
111 117
113.8 117
117 117
120 117
123 117
126 117
129 117
132 117
135 117
138 117
141 117
144 117
147 117
150 117
153 117
156.2 117
159 117
162 117.5
165 116.7
168 117
171 117
174 117
177.4 117
180 117
183 117
186 117
189 117
192 117
195 117
198 116.7
201 117
204 117
207 117
210 117
213 117
216 117
219 117
222 117
225 117
227.6 117
231 117
234 117
237 117
240 117
243 117
246 117
249 117
252 117
255 117
257.7 117
261 117
264 117
267 117
270 117
273 117
276 117.3
279 117
282 117
285 117
288 117
291 117
294 117
297 117
81 120
84 120
87 120
90 120.3
93 120
96 120
99.4 120
102 120
105 120
108 120
111 120
114 120
117.4 120
119.9 120
123 120
126 120
129 120
132 120
135 120
138 120
141 119.6
144 120
147 120
150 120
153 120.4
156 120
159 120
162 120
165 120
168 120
171 120
174 120
177 120
180 120
183 120
185.8 120
189 120
192 120
195 120
198 120
201 120
204 120.2
207 120
210 120
213 120
216 120
219 120
222 120
225 120
228 120
231 120
234 120
236.6 120
240 120
243 119.9
246 120
249 120
252 120
255 120
258 120
261 120
264 120
267 120.4
270 120
272.8 120
276 120
279 120
282 120
285 120
288 120
290.7 120
294 120
297.5 120
300 119.6
303 120
306 119.6
309 120.5
312 120
315 120
318 120
321 120
324 120
327 120.4
329.8 120
333 120
336 120
339 120
342 120
345 120
348 120
351 120
354 120
357 120
360 120.2
363 120
366 120
369 120.2
372 120
375 120
378 120
0 123
3 123
6 123
9.3 123
12 123
15 123
18 123
21 123
24 123
27 123
30 123
32.8 123
36 123
39 123
42 123
45 123
48 123
51 123
54.2 123
57 122.7
60 123
63 123
66 123
69 123
72 123
75 123
78.2 123
81 122.7
84 123
87 123
90 123
93 123
96 123.3
99 123
102 123
105 123
108 123
111 123
113.7 123
117 123
120 123
123 123
126 123
129 123
132 123
135 123
138 123
141 123
143.6 123
147 123
150 123
153 123
156 123
159 123
162 122.8
165.5 123
168 123
171 123
174 123
177 123.1
180 123
183 123
185.6 123
189 123
192.3 123
195 123
198 123
201 123.5
204.5 123
207 123
210 123
213 123
216 123
219 123
222 123
225 123
228 123
231 123
234 123
236.8 123
240 123
243 123
245.9 123
249 123
252 123
255.2 123
258 123
261 123
264 123
267 123
270 123
273 123
276 123
279 123
282 123
285 123.4
288 123
291 123
294 123
297 123
85 126
88.2 126
91 126
94 126
97 126
100 126
103 126
106 126
109 126
112 126
115 126
118 126
121 126
124 126
127 126
130 126
133 126
136 126
139 126
142 126
145 126
148 126
151 126
154 126
157 126
160 126
163 126
166 126
169 126
172 126
175 126
178 126
181 126
184 126
187 126
190 126
193 126
195.7 126
199 126
202 126
205 126
208 126
211 126
214 126
217 126
220 126
223 126
226 126
229 126
232 126
235 126
238 126
241 126
244 126
247 126
250 126
253 126
256 126
259.1 126
262 126
265 126
268 126
271 126
274 126
277 125.9
280 126
283 126
286 126
289 126
292 126
295 126
298 126
301 126
304 126
307 125.7
310 126
313 126
316 126.4
319 126
322 126
325 126
328 126
330.6 126
334 126
337 126
340.1 126
343 126
346 126
349 126
352 126
355 126
358 126
361 126
364 125.9
367 126.2
370 126
373 126
376 126.1
379 126
382 126
0 129
3 129
6 129
9 129
12 129
15 129
18 129
21 129
24 129
27 129
30 129
33.3 129
36 129
39 129
42 128.8
45 129.5
48 129
51 129
54 129
57 129
60 129
63 128.6
66 129
69 129
72 129
75 129
78 129
81 129.4
84 129
87 129
90 129
93 129
96.4 129
99.1 129
102 129
105 129
108 129.3
111 129
114 129
117 129
120 129
123 129.3
126 129
129 129
132 129
135 129
138 129
141 129
144.2 129
147 129
150 129
153 129
156 129
159 129
162 129
165 129
168 129
171 129
174 129
177 129
180 129
183 129
186 129
189 129
192 129.4
195 129
198 129
201 129
204 128.6
207 129
210 129
213 129
216 129
219 129
222.1 129
225 129
228 129
231 129
234 129
237 129
240 129
243 129
246 129
249 129
252 129.2
255 129
258.2 129
261 129
264 129.2
267 129
270 129
273 129
276 129
279 129
282 129
285 129
288 129
291 129
294 129
297 129
89 132
92 132
95.1 132
98 132
101 132
104 132
107 132
110 132
113 132
116 132
119 132
122 132
125 132.2
128 132
131 132
134 132
137 132
140 132.1
143 132
146 132
149 132
152 132
155 131.8
158 132
160.7 132
164 132
167 132
170 132
173 132
176 132
179 132
182 132
185 132
188 132
191 132
194 132
197 132
200 132
203 132
206 132
209 132
212 132
215 132
218 132
221 132
224 132
227 132
230 132
233.4 132
236 132
239 132
242.5 132
245 132
248 132
251 132
254 132
257 132.5
260 132
263 132
266.3 132
269 132.5
272 132
275 132
278 132
281 132
284 132.4
287 132
290 132
293 132
296 132
299 131.8
302 132.5
305 132
308 132
311 132.3
314 132
317 132
320.2 132
323 132
326 132
329 132
332 132
335 132
338 132
341 132
344 132
347 132
350 132
353 132
356 132
359 132
362 132
365 132
368 132
371 132
374 132
377 132
380 132
383 132
386 132
0 135
3 134.9
6 135
9 135
12 135
15 135
18 135
21 135
24 135
27 135
30 135
33 135.4
36 135
39 135.4
42 135
45 135.3
48 135
51 135
54.5 135
57 135
60 135
63 135
66 135
69 135
72 135
75 135
78 135
81 135
84 135
87 135
90 135
93 135
96 135
99.2 135
102 135
105 135
108 135
111 135
114 135
117 135
120 135
123 135
126 135
128.8 135
132 135
135 135
138 135
141 135
144 135
147 135
150 135
153 135
156 135
159 135
162 135
165 135
168 135
171 135
174 135
177 135
180 135
183 135
186.3 135
189 135
192 135
195 135
198 135
201 135
204 135
207 135
210 135
213 135
216 135
219 135
222 135
225.1 135
228 135
231 135
234 135
237 135
240 135
243 135
246 135
249 135
252 135
255 135
258 135
261 135
264 135
267 135
270 135
273 135
276 135
279 134.8
282 135
285 135
288 135
291 135
294 135
297 135
93 138
96 137.8
99.2 138
102.3 138
105 138
108 138
111 138
114 138
117 138
120 138
122.9 138
126 138
129 138
132 138
135 138
138 138
141 138
144 138
147 138
150 138
153 138
156 138.1
159.4 138
162 138
165 138
168 138
171 138
174.4 138
177 138
180 138
183 138
186 138
189 138
192 138
195 138
198 138
201 138
204 138
207 138
210 138
213 138
215.8 138
219 138
222 138
225 138
227.7 138
231 138
234 138
237 138
240 138
243 138
246 138
249 138
252 138
255 138
258 138
261 138
263.6 138
266.9 138
270 138
273 138
275.7 138
279 138
282 138
285 138
288 138
291 138
294 138
297 138
300 138
303 138
306 138
309.5 138
312 138
315.3 138
318 138
321 138
324 138
327 138.2
330 137.6
333 138
335.9 138
339 138
342 138
345 138
347.9 138
351 138
354 138
357 138
360 138
363 138
366 138
369 138
372 138
375 138
378 138
381 138
384 138
387 138
390 138
0 141
3 141
6 141
9 141
12 141
15 141
18 141
21 141
24 141
27 141
30 141
33 141
36 141
39 141
42 141
45 141
48 141
51 141
54 141
57 141
60 140.7
63 141
66 141
69 141
72 141
75 141
78 141
81 141
84 141
87 141
90 141
93 141.5
96 141
99 141
102 140.6
105 141
108 140.8
111 141
114 141
117 141
120 141
123 141
126 141
129 141
132 141
135 141.1
138 141.1
141 141
144 141
147 141
150 141
153 141
156 141
159 141
162 140.9
165 141
168 141
171 141
174 141
177 141
180 141
183 141
186 141
189 141
192 141
195 141
198 141
201 141
204 141
207 141
210 141
213 141
216 141.5
219 141.2
222 141
225 141
228 141
231 141
234 141
237 141
239.9 141
243 141
246 141
249 141
252 141
255 141
258 141.3
261 141
264 141
267 141
270 141
273 141
276 141
279 141
282 141
285 141
288 141
291 141
294 141
297 141
97 144
100 144
103 144
106 144
109 144
111.9 144
115 144
118 144
121 144
124 144
127.4 144
130 144
133 144
136 144
139 144
142 144
145 144
148 144
151 144
153.8 144
157 144
160 144
163 144
166 144
169 144
172 144
175 144
178.1 144
181 144
184 144
187 144
190 144
193 144
196 144
199 144
202 143.6
205 144
208 144
211 144
214 144
217 144
220 144
223 144
225.6 144
229 144
232 144
235 144
238.2 144
240.7 144
244 144
247.2 144
250 144
253 143.7
256 144
259 144
262 144.4
265 144
268 144
271 144
274 144
277 144
280 144
283 144
286 144
289 144
291.9 144
294.6 144
298 144
301 144
304 144
307 144
310 144
313 144
316.1 144
319 144
322 144
325 144
328 144
331 144
334 144
337 144
340 144
343 144
346 144
349 144
351.6 144
355 144
358 144.5
361.1 144
364 144
367 144
370 144
373 144
376 144
379 144
382 143.8
385 144
388 144
391 144
394 144
0 147
2.8 147
6 147
9 147
12 147
15 147
18 147
21 147
24 147.2
27 147
30 147
33 147
36 147
39 147
42 147
45 147
48 146.6
51 147
54 147
57 147
60 147
63 147
66 147
69 147
72 147
75.5 147
78.1 147
81 147
84 147
87 147
90 147
93 147
96 147
99 147
102 147
105.1 147
108 147
111 147
114 147
117.2 147
120 147
123 147
126 147
129 147
132 147
135 147
138 147
141 147
144 147
147 147
150 147
153 147.3
156 147
159 147
162 147
165 147
168 147
171 147
174 147
177 147
180 147
183 147
186 147
189 147
192 147
195 147
198 147
201 147
204 147
207 147
210 147
213 147
216 147
219 147
222 147
225 147
228 147
231 147
234 147
237 146.9
240 147
243 147
246 147
249 147
252 147
255 147
258 147
261 147.3
264 147
267 147
270 147
272.9 147
276 147
279 147
282 147
285.4 147
288 147
291 147
294 147
297 147
101 150
104 150
107 150
110 150
113 150
116 150
119 150
122 150
125 150
127.9 150
131 150
134 150
137 150
140 150
143 150
146 150
149 150
152 149.9
155 150
158 150
161 150.4
164 150
167 150
170 150
173 150
176 150
179 150
182 150
185 150
188 150
191 150
194 150
197 150
200 150
203 150
206 150
209 150
212 150
215 150
217.7 150
221 150
224 150
227 150
230 150
233 150.5
236 150
239 150
242 150
245.5 150
248 150
251 150
253.8 150
257 150
260 150
263 150.5
266 150
269 150
272 149.9
275 150
278 150
281 150
284 150
287 150
289.8 150
293 150
296 150
299 150
302 150
305 150
308 150
311 150
314 150
317 150
320 149.8
323 150
326 150
329 150
332 150
335 150
338 150
340.7 150
344 150
347 150
350 150
353 150.5
356 150
359 150
362 150
365 150
368 150
371 150
374 150
377 150
380 150
383.3 150
386 150
389 150
392 150
395 150
398 150
0 153
3.1 153
6 153
9 153
12 152.9
15 153
18 153
21 153
24 153
27 153
30 153
33 153
36 153
39 153
42 153
45 153
48 153
51 153
54 153
57 153
60 153
63 153
65.7 153
69 153
72 153
75 153.2
78 153
81 153
84 153
87 153
90 153
93 153
96.4 153
98.6 153
102 153
105 153
108 153
111 153
114 153
117.1 153
120 153
123 153
126 153.1
129 153
132 153
135 153
138 153
141 153
144 153
147 153
150 153
153 153
156 153
159 152.9
162 153
164.9 153
168 153
171 153
174 153
176.7 153
180 153
183 153
186 153
189 153
192 153
195 153
198 153
201 153
204 153
207 153
210 153
212.7 153
216 153
219 153.2
222 153
225 153
228 152.6
231 153
234 153
236.6 153
240 153
243 153
246 153.2
249 153
252 153
255 153
258 153
261 153
264 153
267 153
270 153.3
273 153.5
276 153
279 153
282 153
285 153
288 153
291 153
294 153
297 153
105 156
108 156
111 156.3
114 156
117 156
120 156
122.8 156
126 156
129 156
132 156
135 156
138 156
141 156
144 156
147 156
150 156
153 156
156 156
159 155.6
162 156
165 156
168 156
171 156
174 156
177 156
180 156
183 156
186 156
189 156
191.6 156
195 156
198 156
201 156
204 156
207 156
210 156
213 156
216 156
219 156
222 156
225 156
228 156
231 156
234 156
237 156
240 156
243 156
246 156
249 156
252 156
255 156.4
258 156.3
261 156
264 156
267 156
270 156
273 156
275.7 156
279 156.5
282 156
285 156
288 156
291 156.5
294 156
297 156
300 155.6
303 156
306 156
309 156
312 156
315 156
318 156
321 156
324 156
326.7 156
330 156
333 156
336 156
339 156
342.2 156
345.5 156
348 156
351 156
354 156
357 156
360 156
363 156
366 156
369 156
372.5 156
375.5 156
378 156
381 156
384 156
387 156
389.9 156
393 156
396 156
399 156
402.4 156
0 159
3 159
6 159
9 159
12 159
15 159
18 159
21 159
24 159
27 159
30 159
33 159
36 159
39 158.8
42 159
45 159
48 158.9
51 159
54 159
57 159.3
60 159
63 159
66 159
69 159
72 159
75 159
78 159
81 159
84 159
87 159
90 159
93 159.5
96 159
98.6 159
102 158.6
105 159.1
108 159
111 159
114 159
117 159
120 159
123 159
126 159
129 159
132 159
135 159
138 159
141 159
144 159
147 159
150 159
153 159.2
156 159
159 159
162 159
165 159
168 159
170.6 159
174 159
177 159
180 159
183 159
186 159
189 159
192.3 159
195 159
198 159
201 159.3
204 159
207 159
210 159
213 159
216 159
219 159
222 159
225 159
228 159
231 159
234 159
237 159
239.9 159
243 159
246 159
249 159
252 159
255 159
258 159
260.8 159
264 159
267 158.9
270 159
272.7 159
276 159
279 159
282 159
285.1 159
287.7 159
291 159
294.3 159
297 159
109 162
112 162
115 162
118 162
121 162
124 162
127 162
130 162
133 162
136 162
139 162
142 162
145 162
148.1 162
151 162
154.1 162
157 162
160 162
163 162
166 162
169 162
172 162
175 162
178 162
181 162
184 162
187 162
190 162
193 162
196 162
199 162
202 162
205 162
208 162
211 162
214 162
217 162.4
220 162
223 162
226 162
228.9 162
232 162
235.1 162
238 162
241 162
244 162
247 162
250 162
253 162
256 162
259 162
262 162
265 162
268 162
271 162
274 162
277 162
280 162
283 162
286 162.1
289 162
292 162
295 162
298 162
301 162
304 162
307 162
310 162
313 162
316 162
319 162
322 162.1
325 162
328 162
331 162
334 162
337.5 162
340 162
343 162
346 162
349 162
352 162
355 162
358 162
361 162
364 162
367 162
370 162
373 162
376 162
379 162
382 162
385 162
388 162
391 162
394 162
397 162
400 162
403 162
406 162
-0.3 165
3 165
6 164.7
9.1 165
12 165
15 165
18 165
21 165
24 165
27 165
30 165
33 165
36 165
39 165
41.9 165
45 165
48 165
51 165.4
54 165
57 165
60 165
63.5 165
66 165
69 165
72 165
75 165
78 165
81 165
84 165
87 165
90 165
93 165
96 165
99 165
102 165
105 165
108 165
111 165
114 165
117 165
120 165
123 165
126 165
129 165
132 165
135 165.1
138 165
141 165
144 165
147.2 165
150 165
153 165
156 165
159.4 165
162 165
165 165
168 165
171 165
174 165
177 165
180 165
183 165
186 165
189 165
192 165
195 165
197.9 165
201 165
204 165
207 165
210 165
213 165
215.8 165
219 165
222 165
225 165
228 165
231 165
234 165
237 165
240 165
243.3 165
246 165
249 165
252 165
255 165
258 165
261 165
264 165
267 165
270 165.5
273 165
276 165
279 165
282 165
285 165
288 165
291 165
294 165
297 165
113 168
116 168
119 168
122 168
125 168
128 168
131 168
134 168
137 168
139.9 168
143 168
146 168
149 168
152 168
155.4 168
158 168.2
160.6 168
164 168
167 168
170 168
173 168
176 168
179 168
182 168
185 168
188 168
191 168
194 168
197 168
200 168
202.6 168
206 168
209 168
212 168
215 168
218 168
221 168
224 168
227 168.1
230 168
233 168
236 168
239 168
242 168
245 168
248 168
251 168
254 168
257 168
260 168
263 168
266 168
269 168
272 168
275 168
278 168
281 168
284 168
287 168
290 168
293 168
296 168
299 168
302 168
304.7 168
308 168
311.5 168
314 168
317.5 168
319.8 168
323 168
326 168
329 168
332 168
335 168
338 168
341 168
344 168
347 168
350 168
353 168
356 168
359 168
362 168
365 168
368 168
371 168
374.3 168
377 168
380 168
383 168
386 168.5
389 168
392.4 168
394.6 168
398 168
401.5 168
404 168
407 168
410 168
0 171
3 171
6 171
9 171
12 170.9
15 171
18 171
21 171.2
24 171
27 171
30 171
33 171
36 171
39 171
42 171
45 171
48 171
51 171
54 171
57 171
60 171
63 171
66 171
69 171.1
72 171
75 170.9
78 171
81 171
84 171
87 171
90 171.5
93 171
96 171
99 171
102 171
105.3 171
108.4 171
111 171
114 170.9
116.8 171
120 171
123 171
126 171
129 171
132 171
135 171
138 171
141 171
144 171
147 171
150 171
153 171
156 171
159 171
162 171.1
165 171
168 171
171 171
174 171
177 171
180 171.3
183 171
186 171
189 171
192 171
195 171
198 171
201 171
204 170.9
207 171
210 171
213 171
215.8 171
219 171
222 171
225 171
228 171
231 171
234 171
237 171.1
240 171
243 171
246 171
248.9 171
252 171
255 171
258 171
261 171
264 171
267 171.4
270 171
273 171.4
276 171
279 171
282 171
285 171
288 171
291 171
294 171
297 170.6
117 174
120 174
123 173.6
126 174
129 173.6
132 174
135 174
138 174
141.5 174
144 174
147 174
150 174
153 174
156 174
159 174
162 174
165 174
168 174
171 174
174 173.8
177 174
180 174
183 174
186 174
189 174
192 174
195 174
198 174
201 174
204 174
206.7 174
210 174
213 174
216 174.1
219 174
222.1 174
225 174
228 174
231 174
234 174
237 174
240 174
243 174
246 174
249 174
252 174
255 174
257.9 174
261 174
264 174
267 174
270 174
273 174
276 174.1
279 174
282 174.5
285 174
288 174
291 174
293.8 174
297 174
300 174
303.4 174
306 174
309 174
312 174
315 174
318.1 174
321 174
324 174
327 174
330 174
333 174
336 174
339 174
342.3 174
345 174
348 174
351 174
354 173.9
357 174
360 174
363 174
366.5 174
369 174
372 174
375 174
378 174
381 174.2
384 174
387 174
390 174
393 174
396 174
399 174
402 174
405 174.1
408 174
411 174.2
414 174
0 177
3 177
6 177
9 177
12 177
15 177
18 177
21 177
24 177
27 177
30 177
33 177
36 177
39 177
42 177
45 177
48 177
51 177
54 177
57 177
60 177
63 177
66 177
69 177
72 177
75 177
78 177
81 177
84 177.4
87 177
90 177
93 177
96 177
99 177
102 177
105 177
108 177
111 177
113.6 177
117 177
120 177
123 177
125.9 177
128.8 177
131.6 177
135 177
138.1 177
141 176.8
144 177
147 177
150 177.1
153 177
156 177
159 177
162 177.3
165 177
168 177
171 177
174 177
177 177
180 177
183 177
186 177
189 177
192 177
195 177
198 177.4
201 177
204 177
207 177
210 177
213 176.8
216 177
219 177
222 177
225 177.4
228 177
231 177
233.7 177
237 177
240 177
243 177
246 177
249 177
252 177
255 177
258 177
261 177
264 177
267 177
270 177
273 177
276 177
279 177
282 176.8
285 177
288 177
291 177
294.2 177
297 177
121 180
124 180
127 180
130 180
132.9 180
135.9 180
139 180
142 180
145 180
148 179.9
151 179.6
154 180.2
157 180
160.5 180
163 179.7
166.4 180
169 180
172 180
175 180
178 180
181 180.1
184 179.7
187 180.3
190 180
193 180
196 180
199 180
202 180.3
205 180
208 180
211 180
214 179.7
216.6 180
220 180
223 180
226 180
229 180
232 180.2
235 180
238 180
241 180
244 180
247 180
250 180
253 180
256 180
259 180
262 180
265 180
268 180
271 180
274 180
277 180
280 180
283 180
286 180
289 180
292 180
295 180
298 180
301 180
304 180
307 180
310 180
313 180.5
316 180
319 180
322 180
325 180
328 180
331 180
334 180
337 180
340.2 180
343 180
346 180
349 180
352 180
355 180
358 180
361 180.4
364 180
367 180
370 180
373 180
376 179.9
379 180
382 180
385 180
388 180
391 180
394 180
397 180
400 180
403 180
406 180
409 180
412 180
415 180
418 180
0 183
3 183
6 183.2
9 183
12 183
15 183
18 183
21 183
24 183
27 183
30 183
33 183
36 183
39 183
42 183
45 183
48 183
51 183
54 183
57 183
60 182.6
63 183
66 182.7
69 183
72 183
75 183
77.7 183
81 183
84 183
87 183
90 183
93 183
96 183
99 183
102 183
105 183.1
108 183.3
111 183
114 183
117 183
120 183
123 183
126 183
129 183
132 183
135 183
138 183
141 183
144 183
147 183
150 183
153 183
156 183
159 183
162 183
165 183
168 183
171 183
174 183
177 183
180 183
183 183
186 183
189 183
192 183
195.3 183
198 183
201 183
204 183
207 183
210 183
213 183
216.3 183
219 183
222 183
225 183
228 183
231 183
234 183
237 183
240 183
243 183
246 182.6
249 183
252 183
255.3 183
258 183
261 183.5
264 183
267 183
270 183.3
273 183
276 182.6
279 183
282 183
285 183
288 183
291 183
294 183
297 183
125 186
128 186
131 186
134 186
137 186
140 186
143 186
146 186
149 186
152 186
155 185.6
158 186
161 186
164.3 186
167 186
170 186
173 186
176 186
179 186
182 186
185 186
188.5 186
191 186
194 186
197 185.9
200 186
203 186.2
206 186
209 186
212 186
215 186
218 186
221 186.5
224 186.1
227 186
230 186
233 186
236 186
239 186
242.3 186
245 186
248 186
251 186
254 186
257 186.1
260 186
263 186
266 186.5
269 186
272 186
275 186
278 185.7
281 186
284 186
287.4 186
290 186
293 185.9
296 186
299 186
302 186
305 186
308 186
311 186
314 185.6
317 186.2
320 186
323 186
326 186
329 185.9
332 186
335 186
338 186
341 186
344 186
347 186
350 186
353 186
355.8 186
359 186
361.7 186
365 186
368 186
371 186
374 186
377 186
380 186
383 186
386 186
389 186
392 186
395 186
398 185.6
401 186
404.1 186
407 186
410.5 186
413 186
416 186
419 186
422 186
0 189
3 189
6 189
9 189
12 189
15 189
18 189
21 189
24 189
27 189
30 189
33 189.5
36 189
39 189
42 189
45 189
48 189
51 189
54 189
57 189.1
60 189
63 189
66 189
69 189
72 189
75 189
78 189
81 189
84 189
87 189
90 189
93 189
96 189
99 189.4
102 189
105 189
108 189
111 189
114 189
117 189
120 189
123 189
126 189
129 189
132 189
135 189
138 189
141 189
144 189.1
147 189
150 189
153 189
155.8 189
159 189
162 189
165 189
168 189
171 189
174 189
177 189
180 189
183 189
186 189
188.9 189
192 189
195 189
198 189
201 189
204 189
207 189
210 189
213 189
216 189
219 189
222 189
225 189
228 189
231 189
233.6 189
237 189.3
240 189
243 189
246 189
249 189
252 189
255 189.2
258 188.6
261 189
264 189
267 189
270 189
273 189
276 189
279 189
282 189
285 189
288 189
291 189
294 189
297 189
129.3 192
132 192
135 192
138 192.5
141 192
144 192
147 192
150 192
153 192
156 192
159 192
162 192
165 191.8
168 192
171 192
174 192
177 192
180.5 192
183 192
186 192
189 192
192 192.2
195 192
198 192
201 192
204 192
207 192
210 192
213 192
216 191.7
219 192
222 192
225 192
228 192
231 192
234 192
237 192
240 192
243 192
246 192
249 192
252 192
255 192
258 192
261 192
264 192
267 192
270 192
273 192
276 192
279 192
282 192
285 192
288 192
291 192
294 192
297 192
300 192
303 192
306 192
309 192
312.1 192
315 192
318 192.3
321 192
324 192
327 192
330 192
333 192
336 192
339 192
342 192
345 192
348 192
351 192
354 192
357 192
360 192
363 192
366 192
369 192
372 192
375 192
378 191.6
381 192
384 192
387 192
390 192
393 192
396 192
399 191.6
402 192
405 192
408 192
411 191.8
414 192
417 192
419.9 192
423 192
426 192
0 195
3 195
6 195
9 194.7
11.8 195
15 195
18 195.1
21 195.1
24 195
27 195
30 195
33 195
36 195
39 195
42 195
45 195
48 195
51 195
54 195
57 195
60 195
63 195
66 195
69 195
72 195
75 195
78 195
81.5 195
84 195
87 195.3
90 195
93 195
96 195
99 195
102 195
105 195
108 195
111 195
114 195
117 195
120 195
123 195
126 195
129 195
132 195
135 195
138 195
141 195
144 195
147 195
150 195
153 195
156 195
159 195
162 195
165 195
168 194.9
171 195
174 195
177 195
180 195
183 195
186 195
189 195
192 195
195 195
198 195
201 195
204 195
207 195
210 195
213 195
216 195
219 195
222 195
225 195
228.4 195
231 195
234 194.8
237 195
240 195
243 195
246 195
249 195
251.8 195
255 195
258 195
261 195
264 195.4
267 195
270 195
273 195
276 195
279 195
282 195
285 195
288 195
291 195
294 195
297 195
133 198
136 198.4
139 198
142 198
145 198
148 198
151 198
154 198
157 198
160 198
163 198
166 198
169 198
172 198
175 198
178 198
181 198
184 198
187 198
190 198
193 198
196 198
199 198
202 198
205 198
208 198
211 198
214 198
217 198
220 198
223 198
226 198
229 198
232 198
235 198
238 198
241 198
244 198
247 198
250 198
253 198
256 198
259 197.8
262 197.7
265 198
268 198
271 198
274 198
277 198
280 198
283 198
286 198
289 198
292.4 198
295 198
298 197.8
301 198
304 198.5
307 198
310.1 198
313 198
316 198
319 198
322 198
325 198
328 198
331 198
334 198.3
337 198
340 198.1
343 198
346 198
349 198
352 198
355 198
358 197.7
361 198
364 198
367 198
370 198
373 198
376.2 198
379 198
382 198
385 198
388 198
391 198
394 198
397 198
400 198
403 198
406 198
409 198
412 198
415 198
418 198
420.9 198
424 198
427 198
430 198
0 201
3 201
6 201
9 201
12 201
15 201
18 201
21 201
24 201
27 200.6
30 201
33 201
36 201
39 201
42 201
45 201
48 200.8
51 201
54 201
57 201
60 201.1
63 201
66 201
69 201
72 201
75 201
78 201
81 201
84 201
87 201
90 201
93 201
96 201
99 201
102.1 201
105 201
108 201
111 201
114 201
117.1 201
120 201
123 201
126 201
129 201
132 200.7
135 201
138 201
141 201
144 201
147 201
150 201
153 201
156 201
159 201
162 201.4
165 201
168 200.9
171 201
174 201
176.6 201
180 201
183 201
186.5 201
189 201
192 201
195 201
198 201
201 201
204 201
207 201
210 201
213 201
216 201.4
219 201
222 201
225 201
228 201
231 201.1
234 201
237 201
240 201
243 201.1
246 201
249 201
252 201.5
255 201.5
258 201
261 201
264 201
267 201
270 201
273 201
276 201
279 201.3
282 201
285 201
288 201
291.4 201
294 201.4
297 201
137 204
140 204
143 204
146 203.7
149 204
152 204
155 204
158 204
161 204
164 204
167 204
170 204
173 204
176 204
179 204
182 204
185 204
188 203.8
191 204
194 204
197 204
200 204
203 204
206 204
209 204
212 204
215 203.7
218 204
221 204
224 204
227 204
230 204
233 204.1
236 204
239 204
242 204
245 204
248 204
251 203.6
254 204
257 204
260 204
263 204
266 204
269 204
272 204
275 204
278 204
281 204
284 204
287 204.5
290 204
293 204
296 204
299 204
302 204
305 204
308 204
311 204
314 204
317.3 204
320 204.2
323 204
326 204
329 204
332 204
335 204
338 204
341 204
344 204
347 204
350 204
352.9 204
356 204
359 204
362 204
365 204
368 204
371 204
374 204
377 204
380 204
383 204
386 204
389 204
392 204
395 204
398 204.1
401 204
404 204
407 204
410 204.3
413 204
416 204
419 204
422 204
425 204
428 204
431 204
434 204
0 207
3 207
6 206.8
9 206.8
12 207
14.9 207
17.9 207
21 207
24 207
27 207
30 207
33.2 207
36 207
39 207
42 207
45 207
48 207
50.9 207
54 207
57 207
60 206.7
63 207
66 207
68.6 207
72 207
75 207
78 207
81 207
84 207
87 207
90 207
93 207
96 207
99 207
102 206.8
105 207
108 207
111 207
114 207
117.2 207
120 207
123 207
126 207
129 207
132 207
135 207
138 207
141 207
144 207
147 207
150 207
153 206.8
156 207
159 207
162 207
165 207
167.7 207
171 207
174 207
177 207
180 207
183 207
186 207
189 207
192 207
195 207
198 207
201 207
204 207
207.1 207
210 207
213 206.6
216 207
219 207
222 207
225 207
228 207
231 207
234 207
237 207
240 207.2
243 207
246 207
249 206.7
252 207
255 207
258 207
261 207
264 207
267 207
270 207
273 207
276 207
279 207
282 207
285 207
288 207
291 207
294 207
297 207
141 210
144 210
147 210
150 210
153 210
156 210
159 210
162 210
165 210.5
168 210
171 210
174 210
177 210.3
180 210
183 210
186 210
189 210
192 210
195 210
198 210
201 210
204 210
207 209.8
210 210
213 210
216 210
219 210
222 210
225 210
228 210
231 210
234 210
237 210
240 210
243 210
246 210
249 210
252 210
255 210
258 210
261 210
264 210
267 210
270 210
273 210
276 210
279 210
282 210
285 210
288 209.8
291 210
294.1 210
297 210
300 210
303 210
306 210
309 210
312 210
315 210
318 210
321.4 210
324 210
326.9 210
330 210
333 210
336 210
339 210
342 210
345 210
348 210
351 210
354 209.7
357 210
360 210
363 209.6
366 210
369.5 210
372 210
375 210
378 210
381 210.2
384 210
386.8 210
390 210
393.4 210
396 210
399 210.1
402 210
405 209.9
408 210
411 210
414 210
417 210
420 210
422.9 210
426 210
429 210
432 210
435.5 210
438 210
0 213
3 213
6 213
9 213
12 213
15 213
18 213
21 213
24 213
27 213
30 213
33 213
36 213
39 213
42 213
45 213
47.9 213
51.3 213
54 213.5
57 213
60 213
63 213
66 213
69 213
72 213
75 213
78 213
81 213
84 213
87 213
90 213
93 213
96 213
99 213
102 213
105 213.4
108 213
111 213
113.6 213
117 213
120 213
123 213
126 213
129 213
132 213
134.8 213
138 213
141 213
144 213
147.4 213
150 213
152.6 213
156 213
159 213
162 213
165 213
168 213
171 213
174 213
177 213.1
180 213
183 213
186 213
189 213
192.4 213
195 213
198 213
201 213
204 213
207 213
210 213
213 213
216 213
219 213
222 213
225 213
228 213
231 213
234 213
237 213
240.5 213
243 213
246 213
249 213
252 213
255 213
258.4 213
261 213
264 213
267 213.5
270 213
273 213
276 213
279 213
282 213
285 213
288 213
291 213
294 213
297 213
145 216.1
148 216
151 216
154 216
157 216
160 216
163 215.8
166 216
169 216.3
172.4 216
175 216
178 216
181 216
184 216
187 216
190 216
193 216
196 215.9
199 216
202 216.5
205 216
208 216
211 216
214 216
217 216
220 216
223 216.1
226 216
229 216
232 216
235 216
238 216
241 216
244 216
247 216
250 216
253 216
256 216
259 216
262.2 216
265 216.3
268 216
271 216.1
274 216
277 216.1
280 216
283 216
286 216
289 216
292 216
295.4 216
298 216
301 216
304 216
307 216
310 216
313.4 216
316 216.4
319 216
322 216
325 216
328 216
331 216
334 216
337.5 216
340 216
343 216
345.7 216
349 216
352 216
355 216
358 216
361 216
364 216
367 216
370 216
373 216
376 216
379 216
382 216
385 216
387.7 216
391 216
394 216
397.3 216
400.4 216
403 216
406 216
409 216
412 216
415 216
418 216
421 216
424 216
427 216
430 216
433 216
436 216
439 216
442 216
0 219
3 219
6 219
9 219
12 219
15 219
18 219
21 219
24 219
27 219
30 219
33 219
36 219
39 219
42 219
45 219
48 219
51 219.1
54 219
57 219
60 219
63 219
66 219
69 219
72 219
75 219
78 219
81 219
84 219
87 219
90 219
93 219
96 219
99 219
102 219
105 219
108 219
111 219
114 219
117 219
120 219
123 219
125.9 219
129 219
132 219
135 219
138 219
141 219
144.5 219
147 219
150 219
153 219
155.7 219
159 219
162 219
165 219
168 219
171 219
174 219.5
177 219
180 219
183 219
186.2 219
189 219
192 219
194.8 219
198 219
201 219
204 219
207 219
210 219
213 219
216 219
219 219
222 219
225 219
228 219
231 219
233.6 219
237 219
240 219
243 219
245.7 219
249 219
252 219
255 219
258 219
261 219
264 219
267 219
270 219
272.9 219
276 219
279 219.3
282 219
285 219.4
288 219
291 219
293.8 219
297 219
148.9 222
152.1 222
155 222
158 222
161 222
164 222
167 222
170 222
173 222
176 222
179 222
182 222
185 221.6
188 222
191 222
194 222
197 222
200 222
203 222
206 222
209 222
212 222
215 222
218 222
221 222
224 222
227 222
230 222
233 222
236.1 222
239 222
242 222
245 222
248.5 222
251 222
254 222
257 222
260 222
263 222
266 222.2
269 221.7
272 222
275 222
277.9 222
281 222
284 222
287 222
290 222
293 222
296.4 222
299 222
302 222
305 222
308 222
310.6 222
314 222
317 222
320 222
323 222
326 222
329.1 222
332 222
335 222
338 222
341 222
344 222
347 222
350 222
353 222
356.4 222
359 222
362 222
365 222
368 222
371 222
374 222
377 222
380 222
383 222
386 222
389 221.6
392 222
395 222
398.2 222
401 222.1
404 222
407 222
410 222
413 222
416 222
419 222
422 222
425 222
428 222
431 222
434 222
437 222
440 222
443 222
446 222
0 225
3 225
6 225
9 225
12 225
15 224.8
18 225.1
21 225
24 225
27 225
30 225
33 225
36 225
39 225
42 225
45 225
48 225
51 224.6
54 225
57 225
60 225.4
63.3 225
66 225
68.9 225
72 225
75 225
78 225
81 225
84 225
86.9 225
90.2 225
93 225
96 225
99 225
102 225
105 225
108.1 225
111 225
114 225
117 225
120 225
123 225
126 225
129 225
132 225
135 225
138 225
141 225
144 225
147 224.9
150 225
153 225
155.6 225
159 225
162 225.3
165 225
168 225
171 225
174 225
177 225
180 225
183 225
186 225
189 225
192 225
195 225
198 225
201 225
204 225
207 225
210 225
213 225
216 225
219 225
222 225
225 225
227.9 225
231 225
234 225
237 225
240 225.2
243.1 225
246 225
249 225
252 225
254.7 225
258 225
261 225
264 225
267 225
270 225
273 225
276 225
279 225
282 225
285.4 225
288 225
291 225.4
294 225
297 225
153 228
156 228
158.6 228
162 228
165 228
168.2 228
171 228
174 228.4
177 228
180 228
183 228
186 228
189 228
192 228
195 228
198 228
200.7 228
204 228
207 228
210 228
213 228
216 228
219 228
222 228
225 228
228 228
230.8 228
234 228
237 228
240 228
243 228
246 228
249 228
252 228
255 228
258 228
261 228
264 228
266.6 228
270 228
273 228
276 228
279 228
282 228
285 228
288 228
290.9 228
294 228
297 228
300 228
303 228
306.5 228
309 228
312 228
315.4 228
318 228
321 228
324 228
327 228
330 228.4
333 228
336 228
339 228
342 228
345 228
348 228
351 228
354 228
357 228
360 228
363 228
366 228
369 228
372 228
375 228
378 228
381 228
384 228
387 228
390 228
393 228
396 228
399 228
402 228
405 228
408 228
411 228
414 228
417 228
420 228
423 228
426 228
429 228
432 228
435.1 228
438 228
441 228
444 228.3
447 228
450 228
0 231
3 231.5
6 231
9 231
12 231
15 231
18 231.2
21 231
24 231
27 231
30.4 231
33 231.5
36 231
39 231
42 231
45 231
48 231
51 231
54 231
57 231
60 231
63 231
66.1 231
69 231
72 231
75 231
78 231
81 231
84 231
87 231
90 231
93 230.9
96 231
99 231
102 231
105 231
108 231
111 231
114 231
117 231
120 231
123 231
126 231
129 231
132.2 231
135 231
138 231
141 231
144 231
147 231
150 231
153 231
156 230.9
159 231
162 231
165 231
168 230.9
171 231
174 231
177 231
180 231
183 231
186 231
189 231
192 231
195 231
198 230.6
201 231
204 231
207 231
210 231
213 231
216 231
219 231
222 231
225 231.5
228 231
231 231
234 231
237 231
240 231
243 231
246 231
249 231
252 231
255 231
258 231
261 231
264 231
267 231
270 231
273 231
276 231
278.7 231
282 231
285 231
288 231
291 231
294 231
297 231
157.5 234
160 234
163 234
166 234
169 234
172 234
175 234
178 234
181 234
184 234
187 234.2
190 234
193 234
196 234
199 234
202 234
205 234
208 234
211 234
214 234
217 234
220 233.7
223 234
226 234
229 234
232 234
235 234
238 234
241 234
244 234
247 234
250 234
253 234
256 234
259 234
262 234
265 234
268 234
271 233.6
274 234
277 234.3
280 234
283 234
286 234
289 234
292 234
294.6 234
298 234.3
301 234
304 234
307 234
310 234.2
313 234
316.3 234
319 234
321.8 234
325 234
328 234
331 234
334 234
337.4 234
340 233.9
343 234
346 234
349 234
352 234
355 234
358 234
361 234
364 234.3
366.9 234
370 234
373 234
376 234
379 234
382.1 234
385 234
388 234
391 234
394 234
397 234
400 234
403 234
406 234
409 234
412 234
415 234
418 234
421 234
424 234
427 234
430 234
433 234
436 234
439 234
442 234
445 234
448 234
451 234
454 234
0 237
3 237
6 237
9 237
12 237
15 237
18 237
21 237
23.7 237
27 237
30 237
33 237
36.3 237
39 237
42 237
45 237
48 237
51 237
54 237
57 237
60 237
63 237
66 237
68.8 237
72 237
75 237
78 236.7
81 237
84 237
87 237
90 237
93 237.3
96 237
99 236.8
102 237
105 237
108 237
111 237
114 237
117.1 237
120 237
123 237
126 237
129 236.9
132 237
135 237
138 237
141.5 237
144 237
147 237.3
150 237
153 237
156 237
159 237
162 237
165 237
168 237
171 237
174 237
177 237
180 237
183 236.9
186 237
189 237.5
192 237
195 237
198 237
201 237
204 237
207 237
210 237
213 237
216 237
219 237
222 237
225 237
228 237
231 237.1
234 237
237 237
240 237.4
243.3 237
246 237
249 237
252 237
255 237
258 237
261 237
264.1 237
267 237
270 237
273.2 237
276 237
279 236.6
282 237
285 237
288 237
291 237
294 237.4
297.3 237
161 240
164 239.7
167 240
170 240
173.5 240
176 240.1
179 240
182 240
185 240
188 240
191 240
194 240
197 240
200 240
203 240.3
206 239.9
209 240
212 240
215 239.6
218 240
221 239.6
224 240
227.2 240
230 239.6
233 240
236 240
239 240
242 240
245 240
248 240
251 240
254 240
257 240
260.4 240
263 240
266 240
269 240
272 240
275 240
278 240
281 240
284 240
287 240
290 240
293 240
296 240
299 240
302 240
305 240
308 240
311.3 240
314 240
317 240
320 240
323 240
326 240
329 240
332 240
335 240
338 240
341 240
344 240
347 240
350 240
353 240
356 240
359 240
362 240
365 240
368 240
371 240
374 239.6
377 240
380 239.8
383 240
386 240
389 240
392 240
395 240.2
398 240
401 240
404 240
407 240
410 240
413 239.7
416 240
419 240
422 240
425 240
428 240
431 240
434 240
437 240
440 240
443 240
446 240
449 240
452 240
455 240
458 240
0 243
3 243
6 243
9 243
12 243
15 243
18 243
21 243
24 243
27 243
30 243
33 243
36 243
39 243
42 243
45 243
47.7 243
51 243
54.5 243
57 243.4
60 243
63 243
66 243
69 243
72 243
75 243
78 243
81 243
84 243
87 243
90 243
93 243
96 243
99 243
101.8 243
105 243
108 243
111.2 243
114 243
117 242.6
120 243
123 243
126 242.6
129 243
132 243
135.2 243
138 243
141 243.2
144 243
147 243
150 243
153 243
156 243
159 242.7
162 243
164.9 243
168 243
171 243
174 243
177 243
179.9 243
183 243
186 243
189 243
192 243.4
195 243
198 243
201.3 243
204 243
207 243
210 243
213 243
216 243
219 243
222 243
225 243
228 243
231 243
234 243
237 242.7
240 243
243 243
246 243
249 243
252 243
255 243
258 243
261.3 243
264 243
267 243
270 243
273 243
276 243
279 243
282 243
285 243.1
288 243
291 243
294 243
297 243
165 246
168 246
171 246
174 246
177 246
180 246
183 246
185.6 246
189 246
192 246
195 246
198.5 246
201 246
204 246
207 246
210 246
213 246
216 246
219 246
222 246
225 245.6
228 246
231 246
234 246
237 246
240 245.8
243 246
246 246
249 246
252 246
255 246
258 246
260.6 246
264 246
267 246
270 246
273 246
276 246
279 246
282 246
285 246
288 245.8
291 246
294 246
297.2 246
300 246
303 246
306 246
309 246
312 246
315 246
318 246
321 246
324 246
327 246
330 246
333 246
336 246
339 246
342 246
345 246
348 246
351 246
354 246
357 246
360 246
363 246
366 246
369 246
372 246
375 246
378 246
381 246
384 246
387.4 246
390 246
393 246
396 246.2
399 246
402 246
405 246
408 246
411 246
414 246
417 246
420.1 246
423 246
426 246
429 246
432 246
435 246
438 246
441 246
444 246
447 246
450 246
453.3 246
456 246
459 246
462 246
0 249
3 249
6 249
9 249
12 249
15 249
18 249
21 249
24 249
26.6 249
30 248.6
33 249
36 249.5
39 249
42 249
45 249
48 249
51 249
54 249
57 249
59.7 249
63 249
66 249
69 249
72 249
75 249
78.4 249
81 249
84 249
87 249
90 249
93 249
96 249
99 249
102 249
105 249
108 249
111 249
114 249
117 249
120 249
122.7 249
126 249
129 249
132 249
135 249
138 249
141 249.5
144 249
147 249
150 249
153 249
155.8 249
159 249.3
162 248.7
165 249
168 249
171 249
174 249
176.6 249
180 249
183 249
185.9 249
189 249
192 249
195 249
198 249
201 249
204 249
207 249
210 249
213 249
216 249
219 249
222 249
225 249
228.4 249
231 249.3
234 249
237 249
240 249
243 249.3
246 249
249 249
252 249
255 249
258 249
261 249
264 249
267 249
270 249
273 249
276 249
279 249
282 249
285 249
288 249
291 249
294 249
297 249
169 252
172 252.3
175 252
178 252
181 252
184 252
187 252
190 252
193 252
196 252
199 252
202 252
205 252.1
208 252
211 252
214 252
217 252.3
220 252
223 252.5
226 252
229 252
232 252
235 252
238 252
241 252
243.8 252
247 252
250 252.4
252.7 252
256 252
259 252
262 252
265 252
268 251.7
271 252
274 252
277 252
280 252
283 252
286 252
289 252
292 252
295 252
298 252
301 252
304 252
307 252
310 252
313 252
316 252
319 252
322 252
325 252
328 252
331 252
334 252
337 252
340 252
343 252
345.6 252
349 252
351.7 252
355 252
358 252
361 252
364 252
367 252
370 252
373 252
376 252
379 252
382.4 252
385 252
388 252
391 252
394 251.7
396.6 252
400 252
403 252
406.2 252
409 252
412 251.8
415 252
418 251.9
421 252
424 252
427.2 252
430 252
433 252
436 252
439 252
442 252.2
445 252
448 252
451 252.4
454 252
457 252
459.6 252
463.1 252
466 252
0 255
3 255
6 255
9 255
12 254.6
15 255
17.6 255
21 255
24 255
27 255
30 255
33 255
36 255
39 255
42 255
45 255
48 255
51 255.1
54 255
57 255
60 255
63 255
66 255
69 255
72 255
75 255
77.8 255
81 255.5
84 255
87 255
90 255
93 255.4
96 255
99 255
102 255
105 254.7
108.1 255
111 255
114 255
117 255
120 255
123 255
126 255
129 255
132 255
135 255
138 255
141 255
144 255
147 255
150 255
153 255
156 255
159 255
162 255
165 255
168 255
171 255
174 254.8
177 255
180 255
183 255
186 255
189 255
192 255
195 255
198 255
201 255
204 255
207 255
210.3 255
213 255
215.8 255
219 255
222 255
225 255
228 255
231 255
234 255
237 255
240 255
243 255
246 255
249 255
252 255
255 255
258 255
261 255
264 255
267.2 255
270 255
273 255
276 255
279 255
282 255
284.9 255
288 255
291 255
294 255.2
297 255
173 258
176 258
179 258
182 258
185 258
188 258
191 258
194 258
197 257.6
200 258
203 258
206 258
209 258
212 258
215 258
218 258
221 258
224 258
227 258
230 258
233 258.3
236 258
239 258
242 258
245 258
248 258
251 258
254 258
257 258
260 258
263 258
266 258
269 258
272 258
275 258
278 258
281 258
284 258
287 258
290 258
293 258
296 258
299.2 258
301.8 258
305 258
308 258
311.1 258
314 258
317 258
320 258
323.1 258
326 258
329 258
332 258
335 258
338 258.4
340.8 258
344 258
347 258
350 258
353 258
356 258
358.8 258
362 258
365 258
368.1 258
371 258
374 257.7
377 258
380 258
383 258
386 258
389 258
392 258
394.9 258
398 258
401 258
404 258
407 258
410 258
413 258
416 258
418.8 258
422 258
425 258
428 258.3
431 257.7
434 258
437 258
440 258
443 258
446 258
449 258
452 258
455 258
458 258
461 258
464 258
467 258
470 258
0 261
3 261
6.1 261
9 261
12 261
15 261
18 260.6
21 260.7
24 261
27 261
30 261
33 261
36 261
39 261
42 261
45 261
48 261
51 261
54 261
57 261
60 261
63 261
66 261
69 261
72 261
75 261
78 261
81 261
84 261
87 260.8
90 260.6
93 260.9
96 261
99 261
102 261
105 261
108 261
111 261
114.4 261
117 261
120 261
123 261
126 261
129 261
132 260.8
135 261
138 261
141 260.7
144 261
147 261
150 261
153 261
156 261
159 261
162 261
165 261
168 261
171.2 261
174 261.3
177 261
180 261
183 261
186 261
189 261
192 261
195 261
198 261
201 260.7
204 261
207 261
210 261
213 261
216 261
219 261
222 261
225 261
228 261
231 261
234 261
237.1 261
240 261
243 261
246 261
249 260.9
252 261
255 261
258 261
261.1 261
264 261
267 261
270 261
273 261
276 261
279 261
282 261
285 261
288 261
291 261
294 261
297 261
177 264
180 264
183 263.9
186 264
189 264
192 264
195 264
198 264
201 264
204 264
207 264
210.4 264
213 264
216 264.1
219 264
222 264
225 264
228 264
231 264
233.9 264
237 264
240 264
243 264
246 264
249 264
252 264
255 264
258 263.6
261 264
264.4 264
267 264
270 264
273 264
276 263.8
279.1 264
282 264
285 264
288 264
291 264
294 264
297 264
300 264
303 264
306 264
309.5 264
312 264
315 264
318 264
321 264
323.8 264
327 264.4
330 264
333 264
336 264
339 264
342 264
345 264
348 264
351 264
354.5 264
357 263.6
360 264
363 264
366 264
369 264
372 264
375 264
378 264
381 264.2
384 264
387 264
390 264
393 264
396 264
399 264
402 264
405 264
408 264
411 264
414 264
417 264
420 264
423 264
426 264
429 264
432 264
435 264
438 264
441 264
444.3 264
447 264
450 264
453 264
456 264
459 264
462 264
465 264
468 264
471 264
474 264
0 267
3 267
6 267
9 267
12 267
15.5 267
18 267
21 267
24 267
27 267
30 266.9
33 267
36 267
39 267
42 267
45 267
48.3 267
51 267
54 267
57 267
60 267
63 267
66 267
69.1 267
72 267
75.2 267
78 267
81 267
84 267.1
87 267
90 267
93 267
96 267
99 267
102 267
105 267.4
107.6 267
111 267
114 267
117 267
120 267
123 267
126 267
129 267
132 267
135 267
138 267
141 267
144 267
147 267
150 267
153 267
156 266.8
159 267
162 266.8
165 267
168 267
171 267.2
174 267
177 267
180 267
183 267
186 267
189 267
192 267
195 267
198 267
201 267
204 267.4
207 267
210 267
213 267
216.2 267
219 267.2
221.6 267
225 267
228 267
231 267
234 267
237 267
240 267
243 267
246 267
249 267
252 267
255 267
258 267
261 267
264.5 267
267.1 267
270 267
273 267
276 267
279 267
282 267
285 267
288 267
291 267
294 267
297 267
181.5 270
184 270
187 270
190 270
193 270
196 270
199 270
202 270
205 270
208 269.7
211 270
214 270
217 270.5
220 270.1
223 270
226 270.5
229 270
232 270
235 270
238 270
241.2 270
244 270
247 270
250 270
253 270
256 270
259 270
262 270
265.2 270
268 270
271 270
274.4 270
276.7 270
280 270
283 270
286 270
289 270
292 270
295 270
298 270
301 270
304 270
307 270
310 270
313 270
316 270
319 270
322 270
325 270
328.2 270
331 270
333.6 270
337 270
339.9 270
343 269.7
346 270
349 270
352 270
355 270
358 270
361 270
364 270
367 270
370 270
373 270
376 270
379 270
382 270
385 270
388 270
391 270
394 270
397 270
400 270
403 270
406 270
409 270
412 270
415 270
418 270
421 270
424 270
427 270
429.8 270
433 270
436 270
439 270
442 270
445 270
448 270
451.3 270
454 270
457 270
460 270
463 270
466 270
469 270
472 270
475 270
478 270
0 273
3 273
6 273
9 273
12 273
15 273
18 273
21 273
24 273
27 273
30 273
33 273
36 273
39 273
42 273
45 273
48 273
51 273
54 272.6
57 273
59.7 273
63 273
66 273
69 273
72 273
75 273
78 273
81 273
84 273
87 273
90 273
93 273
96 273
98.7 273
102 273.5
105 273
107.7 273
111 273
114 273
117 273
120 272.6
123 273.4
126 273
129 273
132.2 273
134.6 273
138 273
141 273.1
144 273
147 273
150 273
153 273
156 273
159 273
162 273
165 273
168 273
171 273
174 273.3
177 273
179.7 273
183 273.3
186 273
189 273
192 273
195 273
198 273
201 273
204 273
207 273
210 273
213 273
216 273
219 273
222 273
225 273
228 273
231 273
234 273
237 273
240 273
243 273.1
246 273.4
249 273.5
252 273
255 273.1
258 273
261 273.1
264 273
267 273
270 273
273 273
276 273
279 273
282 273
285.1 273
288 273.4
291 273
294 273
297 273
185 276
188 276
191 276
194 276
197 275.6
200 276
203 276
206 276
209.5 276
212 276
215 275.8
218 276
221 276
224 276
227 276
230 276
233 276
236 275.7
239 276
242 276
245 276
248 276
251 276.1
254.2 276
257 276
259.7 276
263 276
266 276
269 276
272 276.1
275 276
278 276
280.9 276
284 276
287 276
290 276
293 276.3
296 276
299 276
302 276
305 276
308 276
311 276
314 276
317 276
320 276.5
323 276
326 275.7
329 276
332 276
335 276
338 276
341 276
344 276
347 276
350 276
353 276
356 276
358.9 276
362 276
365 276
368 276
371 276
374 276
377 276
379.7 276
383 276
386.2 276
389 276.2
392 276
395 276
398 276
401 276.5
404 276
407 276
410 276
413 276
416 276
419 276
422.2 276
425 276
428 276
431 276
434.3 276
436.9 276
440 276
443 276
446 276
449 276
452 276
455 276
458 276
461 275.6
464 276
467 276
470 276
473 276
476 276
479.4 276
482 276
0 279
3 279
6 279
9 279
12 279
15 279
18 279
21 278.8
24 279
27 279
30.4 279
33 279
36 279
39 279
42 279
45 279
48 279
51 279
54 279
57 279
60 279
63 279.2
66 279
69 279
72 279
75 279
78 279
81 279
84 279
87 279
90 279
93 279
96 279
99 279
102 279
105 278.6
108 279
111 279
114 279
117 279
120 279
123 279
126 279
129 279
132 279
135 279
138 279
141 279
144 279
147 279
150 279
153 279
156 279
159 278.8
162 279
165 279
168 279
171 279
174 279
177 279
180 279
183 279
186 279
189 279.2
192 279
195 279
198 279
201 279
204.2 279
207 279
210 279
213 279
216 279
219 279
222 279
225.5 279
228 279
231 279
234 279
237 279
240 279
243 279
246 279
249 279.3
252 279
255 279
258 279
261 279
264 279
267 279
270 279.5
273 279
276 279
279 279
282 279
285 279
287.7 279
291 279
294 279
297 279
189 282
192 282
195 282
198 282
201 282
204 282
207 282
210 282
213.4 282
216 282
219 282
222 282
225 282.5
228 282
231 282.2
234 282
237.3 282
240.4 282
243 282
246 282
249 282
252 282
255 282
258 282
261 282
264 282
267 282.3
270 282
273 282
276 282
279 282
282 282
285 282
288 282
291 282
294 282
297 282
300 282
303 282
306 282
309 282
312 282
315 282
318 282
321 282
324 282
327 282
330 282
332.7 282
336 282
339 282
342 281.7
345 282
348.3 282
351 282
354 282
357 282
360 282
363 282
366.1 282
369 282
372 282
375 282
378 282
381 282
384 282
387 282
390 282
393 282
396 282
399.4 282
402 282
405 282
408 282
411 282
414 282
417 282
420 282
423 282
426 282
429 282
432 282
435 282
438 282
441 282
444 282
447 282
450 282
453 282
456 282
459.2 282
462 282
465 282
468 282
471 282
474 282
477 282
480 282
483 282
486 282
0 285
3 285
6 285
9 285
12 285
15 285
18 285
21 285
24 285
27 285
30 285
32.7 285
36 285
39 285
42 285
45 285
48 285
51 285
54 285
57 285
60 285
63 285
66 285
69 285
72 285
75 285
78 285
81 285
84 285
87 285
90 285
93 285
96 285
99 285
102 285.3
105 285
108 285
111 285.5
114 285
117 285
120 285
123 285
126 285
129 285
132 285
135 284.6
138 285
141 285
144 285
147 285
150 285
153 285
156 285
159 285
162 285
165 285
168 285
171 285
174 285
177 285
180 285
183 285
186 285
189 285
192 285
195 285
198.1 285
201 285
204 285
207 285
210 285
213 285
216 285
219 285
222 285
224.6 285
228 285
231 285
234 285
237 285
240 285
243 285
246 285
249 285
252 285
255 285
258 285
261 285
264 285
267 285
270 285
273 285
276 285
279 285
282 285
285 285
288 285
291 285
294 285
297 285
193 288
196 288
199 288
202 288
205 288
208 288
211 288
214 288
217 288
220 288
223 288
226 288
229 288
232 288
235 288
238 288
241 288
244 288
247 288
250 288
253 288
256 288
259 288
262 288
265 288
268 288
271 288
274 288
277 288
280 288
283 288
286 288
289 288
292.4 288
295 288
298 288
301 288
304 288
306.6 288
310 288
313 288
316 288
319 288
322 288
325 288
328 288
331 288
334 288
336.6 288
340 288
343 287.8
346 288
349 288
352 288
355 288
358.2 288
361 288
364 288
367 288.2
370 287.6
373.3 288
376 288
379 288
382 288
385 288
388 288
391 287.6
393.7 288
397 288
400 288
403 288
406 288.2
409.1 288
412 288
415.1 288
418 288
421 288
424 288
427 288
430 288
433 288
436 288
439 288
442 288
445 288
448 288
451 288
454 288
457 288
460 288
463 288
466 288
469 288
472 288
475 288
478 288
481 288
484 288
487 288.2
490 287.8
0 291
3 291
6 290.6
9 291
12 291
15 291
18 290.8
21 291.5
24 291
27 291
30 291
33 291
36 291
39 291
42 291
45 291
48.1 291
51 291
54 291
57 291
60 291
63.1 291
66 291
69 291
72 291
75.3 291
78 291
81 291
84.5 291
87 291.2
90 291
93 291
96 291
99 291.5
101.7 291
105 291
108 291
111 291
114 291
117 291
120 291
123 291
126 291
129 291.2
132 291
135 291
138 291
141 291
144 290.9
147.3 291
150 291
153 291
156 291
159 291.2
162 291
165 291
168 291
171 291
174 291
177 291
180 291
183 291
186 291
188.6 291
192 291
195 291
198 291
201 291
204 291
207 291
210 291
213 291
216 291
219 291
222 291
225 291
228 291
231 291
234 291
237 291
240 291
243 291
246 291.4
249 291
252 291
255 291
258 291
261 291
264 291
267 291
270 291
273 291
276 291
279 291
282 291
285 291
288 290.9
291 291
293.7 291
297 291
197 294
200 294
203 294
206 294
209 294.1
212 294
215 294
218 294
221 294
224 294
227 294
230 294
233 294
236 294
239 294
242 294
245 294
248 294
251 294
254 294
257 294
260 294
263 294
266 294
269 294
272 294
275.5 294
278 294
281 294
284 294
287 294
290 294
293 294
296 294
299 294
302 294
305 294
308 294
311 294
314 294
317 294
320 294
323 294
326 294
329 294
332.1 294
335 294
338 294
341 294
344 294
347 294
350 294
353 294
356 294
358.7 294
362 294
365 294
368 294
371 294
374 294
377 294
380 294
383 294
386 294
389 293.7
392 294.5
395 294
398 294
401 294
404 294
407 294
410 294
413 294
416 294
419 294
422 294
425 294
428 294
431 294.5
434 294
437 294
440 294
443.3 294
446 294
449 294
452 294
455 294
458 294
461.1 294
464 294
467 294
470 294
473 294
476 294
479 294
482 294.3
485 294
488 294
491 294
494 294
0 297
3 297
6 297
8.9 297
12 297
15 297
18 297.1
21 297
24.1 297
27 297
30 297
33.3 297
36 297
39 297
42 297
45 297
48 297
51 297
54 297
57 297
60 297
63 296.7
66 297
69 297
72 297
75 297
78 297
81 297
84 297
87 297
90 297
93 297
96 297
99 297
102 297
105 297
108 297
111 297
114 297
117 297
119.8 297
123 297
126 297
129 297
132 297
135 297
138 297
141 297
144 297
147 297
150 297
153 297
156 297
159 297
162 297
165 297
168 297
171 297
174 297
177 297
180 297
183 297
186 297
189 297
192 297
195 297
198 297
201 297
204 297
207 297
210 297
213 297
216 297
219 297
222 297
225 297
228 297
231 297
234 297
237 297
240 297
243 297
246 297
249 297
252 297
255 297
258 297
261 297
264 297
267 297
270 297
273 297
276 297
279 297
282 297
285 297
288 297
291 297
294 297
297 297
