0.0 0.0
5.0 0.0
15.0 0.0
25.0 0.0
35.0 0.0
45.0 0.0
55.0 0.0
65.0 0.0
75.0 0.0
84.2 0.0
95.0 -0.2
105.0 0.0
115.0 0.0
125.0 0.0
135.0 0.0
145.6 0.0
155.0 0.0
165.0 0.0
175.0 0.0
185.0 0.0
195.0 0.0
205.0 0.0
215.0 -0.6
225.0 0.0
235.0 0.0
245.0 0.0
255.0 0.0
265.0 0.0
275.0 0.0
285.0 1.0
295.0 0.0
305.0 0.0
315.0 0.0
325.0 0.0
335.0 -0.8
345.0 0.0
355.0 0.0
365.0 0.0
375.0 0.0
385.0 0.0
395.0 0.0
405.0 0.0
415.0 0.0
425.0 0.0
435.0 -0.8
445.0 0.0
455.0 0.0
465.0 0.0
475.0 0.0
485.0 0.0
495.0 0.0
0.0 40.0
10.0 40.0
20.0 40.0
30.0 40.2
40.0 40.0
50.0 40.0
60.0 40.0
70.0 40.0
80.0 40.0
90.0 40.2
100.0 40.0
110.0 40.0
120.0 40.0
130.0 40.0
140.0 40.0
150.0 40.6
160.0 40.0
170.0 39.0
180.0 40.0
190.0 40.0
200.0 40.0
210.0 40.0
220.0 40.0
230.0 40.0
240.5 40.0
250.0 39.4
260.0 40.0
270.0 40.0
280.0 40.0
289.9 40.0
300.0 40.0
310.0 40.0
320.0 40.0
330.0 40.0
340.0 40.0
350.0 40.0
360.3 40.0
370.0 40.0
380.0 40.0
390.0 40.0
400.0 40.0
410.0 40.0
420.0 40.0
430.0 40.0
440.0 40.0
450.0 40.0
460.0 40.0
470.0 40.0
480.0 40.0
490.0 40.0
5.0 80.0
14.4 80.0
25.0 80.0
35.0 80.0
45.0 80.0
54.4 80.0
65.0 80.0
75.0 80.0
85.0 80.0
95.0 80.0
105.0 80.0
115.0 80.0
125.0 80.6
135.0 80.0
145.0 80.0
155.0 80.0
165.0 78.0
175.7 80.0
185.0 80.0
195.0 80.0
205.0 80.0
215.0 80.0
225.0 80.0
235.0 79.8
245.0 80.0
255.0 80.0
265.0 80.0
275.0 80.0
285.0 80.0
295.0 80.0
304.0 80.0
315.0 80.0
324.8 80.0
335.0 80.0
345.0 80.0
355.0 80.0
365.1 80.0
375.0 81.2
385.0 80.0
395.0 80.0
405.0 80.0
415.0 80.0
425.0 80.0
435.0 80.0
445.0 80.0
455.0 80.0
465.0 80.0
475.0 80.0
485.0 80.0
494.0 80.0
0.0 120.0
10.0 120.0
20.7 120.0
30.2 120.0
40.0 120.0
50.0 120.0
60.0 120.0
70.0 120.0
80.0 120.0
90.0 120.0
100.0 120.0
110.0 120.0
119.4 120.0
129.3 120.0
140.0 120.0
150.0 119.8
160.0 120.0
170.0 120.0
180.0 120.0
190.0 120.0
200.0 120.0
210.0 120.0
220.0 120.0
230.0 120.0
240.0 120.0
250.0 120.0
260.0 120.0
270.0 120.0
280.0 120.0
290.0 120.0
300.0 120.0
310.0 120.6
320.0 120.0
330.0 120.0
340.0 120.0
350.0 120.0
360.0 120.0
370.0 120.0
380.0 120.0
390.0 120.0
400.0 120.0
410.8 120.0
420.0 120.0
430.0 120.0
440.0 120.0
450.0 120.0
460.0 120.0
470.0 120.0
480.0 120.0
490.0 120.0
5.3 160.0
15.0 160.0
25.0 160.0
35.0 160.0
45.0 160.0
55.0 160.0
65.0 160.0
75.0 160.0
85.0 160.0
95.0 160.0
105.0 160.0
115.0 160.0
124.8 160.0
135.0 160.0
145.0 160.0
155.0 159.2
165.0 160.0
175.0 160.0
185.0 158.4
195.0 160.0
205.0 160.0
215.0 160.0
225.0 160.0
235.0 160.0
245.2 160.0
255.0 160.0
265.0 160.0
275.0 160.0
285.0 160.0
295.0 160.0
305.0 158.8
315.0 160.0
324.6 160.0
334.6 160.0
345.0 160.0
355.0 160.0
365.0 158.6
375.0 160.0
384.6 160.0
395.0 159.4
405.0 160.0
414.6 160.0
425.0 160.0
435.0 160.0
445.0 160.0
455.0 160.0
465.0 160.0
475.0 160.0
485.0 160.0
495.7 160.0
0.0 200.0
10.0 200.0
20.0 200.0
31.0 200.0
39.6 200.0
50.0 200.0
60.0 200.0
70.0 200.0
80.0 200.0
90.0 200.0
100.0 200.0
110.0 200.0
120.0 200.0
130.0 199.2
140.0 200.0
150.0 200.0
160.0 200.0
169.0 200.0
180.0 200.0
190.0 200.0
200.0 200.0
210.0 200.0
220.0 200.0
230.0 200.0
240.0 200.0
250.0 200.0
260.0 200.0
269.6 200.0
280.0 200.0
290.0 200.0
299.0 200.0
310.0 198.8
320.0 200.0
330.0 200.0
340.0 200.0
350.0 200.0
360.0 200.0
369.2 200.0
380.0 200.0
390.0 200.0
400.0 200.0
409.2 200.0
420.0 200.0
430.0 200.0
440.0 199.2
450.0 200.0
460.0 200.0
470.0 200.0
480.0 200.0
490.0 200.0
5.0 240.0
15.0 240.0
25.0 240.0
35.0 240.0
45.0 240.0
55.0 240.0
65.0 240.0
75.0 240.0
85.0 240.0
94.7 240.0
105.0 240.0
115.0 240.0
125.9 240.0
135.0 241.2
145.0 240.0
155.0 240.0
165.0 240.0
175.0 240.0
185.0 240.0
195.0 240.6
205.0 240.0
215.0 240.0
225.0 240.0
235.0 240.0
245.0 240.0
255.0 240.0
265.0 240.0
275.0 240.0
285.0 240.0
295.0 240.0
305.0 241.6
315.0 240.0
325.0 240.0
335.0 240.0
345.0 240.0
355.0 240.0
365.0 240.0
375.0 240.0
385.0 240.0
395.0 240.0
405.0 240.0
415.0 240.0
425.0 240.0
435.2 240.0
445.0 240.0
455.0 240.0
465.0 240.0
475.0 240.0
485.0 240.0
495.0 240.0
0.0 280.0
10.0 280.0
20.0 280.0
30.0 280.0
40.0 280.0
50.0 280.0
60.0 280.0
70.0 280.0
80.0 280.0
90.0 280.0
99.7 280.0
110.0 280.0
120.0 280.0
130.0 280.0
140.0 280.0
150.0 280.0
160.0 280.0
170.0 280.0
180.0 280.0
190.0 280.0
200.0 280.0
210.0 280.0
220.0 280.0
230.0 280.0
240.0 280.0
250.0 280.0
260.0 280.0
270.0 280.0
280.0 280.0
290.0 280.0
300.0 280.0
310.0 280.0
320.0 280.0
330.0 280.0
340.0 280.0
350.0 280.0
360.0 280.0
370.0 280.0
380.0 280.0
390.0 281.6
400.0 280.0
410.0 280.0
420.0 280.0
430.0 280.0
440.0 280.0
450.0 278.8
460.0 280.0
470.0 280.0
480.0 280.0
490.0 280.0
4.3 320.0
15.0 320.0
25.0 320.0
35.0 320.0
45.0 320.0
55.0 320.0
65.0 320.0
75.0 320.0
85.0 320.0
95.0 320.0
105.0 320.0
115.0 320.0
125.0 320.0
135.0 319.6
145.0 320.0
155.0 320.0
165.0 320.0
175.0 320.0
185.0 320.0
195.0 320.0
205.0 320.0
215.0 320.0
225.0 320.0
235.0 320.0
245.0 320.0
255.0 320.0
265.0 320.0
275.0 320.0
285.9 320.0
295.0 320.0
305.0 320.0
315.0 320.0
325.0 320.0
335.0 320.0
344.7 320.0
354.5 320.0
365.0 320.0
375.0 320.0
385.0 320.0
395.0 320.0
405.0 320.0
415.0 321.2
425.0 320.0
435.0 320.0
445.0 320.4
455.0 320.0
465.0 320.0
475.0 320.0
485.0 321.2
495.0 320.0
0.0 360.0
10.0 360.0
20.0 360.0
30.0 360.0
40.0 360.0
50.0 360.0
60.0 360.0
70.0 360.0
80.0 360.0
90.0 360.0
100.0 360.0
110.2 360.0
120.0 360.0
130.5 360.0
140.0 360.0
150.0 360.0
160.0 360.0
170.0 360.8
180.0 359.6
190.0 360.0
200.0 360.0
210.0 360.0
220.0 360.0
230.0 360.0
240.0 360.0
250.0 360.0
260.0 360.0
270.0 360.0
280.0 360.0
290.0 360.0
300.0 360.0
310.0 360.0
320.0 360.0
330.0 359.6
340.0 360.0
350.0 360.0
360.0 360.0
370.0 360.0
380.0 360.0
390.0 360.0
400.0 360.0
410.0 360.0
420.0 360.0
430.0 360.0
440.0 360.0
450.0 360.0
460.0 360.0
470.0 360.0
480.0 360.0
490.0 360.0
5.0 400.0
15.0 400.0
25.0 400.0
35.0 400.0
45.0 400.0
55.0 400.0
65.0 400.0
75.0 400.0
85.0 400.0
95.0 400.0
105.0 400.0
115.0 400.0
125.0 400.0
135.0 400.0
145.0 400.0
155.0 400.0
165.0 400.0
175.0 400.0
185.0 400.0
195.0 400.0
205.0 400.0
215.0 400.0
225.3 400.0
235.0 400.0
245.0 400.0
255.0 400.0
265.0 400.0
275.0 400.0
285.0 399.4
295.0 399.8
305.0 400.0
315.0 400.0
325.0 400.0
335.0 400.0
345.0 400.0
355.0 400.0
365.0 400.0
374.3 400.0
385.0 400.0
395.0 400.0
405.0 400.0
415.2 400.0
425.0 400.0
435.0 400.0
445.0 400.0
455.0 400.0
465.0 400.0
474.3 400.0
485.0 400.0
495.0 400.0
0.0 440.0
9.0 440.0
20.0 440.0
30.0 440.0
40.0 440.0
50.0 440.0
60.0 440.0
70.0 440.0
80.0 440.0
90.0 440.0
100.0 440.0
110.0 440.0
120.4 440.0
130.0 440.0
140.0 440.0
150.0 440.0
160.0 440.0
170.7 440.0
180.0 440.0
190.0 440.0
200.0 440.0
210.0 440.0
220.0 440.0
229.0 440.0
240.0 440.0
250.0 440.0
260.0 440.0
270.0 440.0
280.0 440.0
290.0 440.0
300.0 440.0
310.0 440.0
320.0 440.0
330.0 440.0
340.0 440.0
350.0 440.0
360.0 440.0
370.0 440.0
380.0 440.0
390.0 440.4
400.0 440.0
410.0 440.0
420.0 440.0
430.0 441.8
439.0 440.0
450.0 440.0
460.4 440.0
470.0 440.0
480.0 440.0
490.0 440.0
5.0 480.0
15.0 480.0
25.0 480.0
35.0 480.0
45.0 480.0
55.0 480.0
65.0 480.0
75.0 480.0
85.0 480.0
95.0 480.0
105.0 480.0
115.0 480.0
125.0 480.0
135.0 480.0
145.0 480.0
155.0 480.0
165.0 480.0
175.0 480.0
185.0 480.0
195.0 480.0
205.0 480.0
215.0 480.0
225.0 480.0
235.0 480.0
245.0 480.0
255.0 480.0
265.0 480.0
275.0 480.0
285.0 480.0
295.0 480.0
305.0 480.0
315.0 480.0
325.0 480.0
335.0 480.0
345.0 480.0
355.0 480.8
365.0 480.0
375.0 480.0
385.0 480.0
395.0 480.0
405.0 480.0
415.0 480.0
425.0 480.0
434.6 480.0
445.0 480.0
455.0 479.6
465.0 480.0
475.0 480.0
485.0 480.0
495.0 480.0
0.0 520.0
10.0 520.0
20.0 520.0
30.0 520.0
40.0 520.0
50.0 520.0
60.0 520.0
71.0 520.0
80.0 520.0
90.0 520.0
100.0 520.0
110.0 520.0
120.0 520.0
130.0 520.0
140.0 520.0
149.4 520.0
160.0 520.0
170.0 520.0
180.0 520.0
190.0 520.0
200.0 520.0
210.0 520.0
220.0 520.0
230.0 520.0
240.0 521.0
250.0 520.0
260.0 520.0
270.0 520.0
280.0 520.0
290.0 519.8
300.0 520.0
310.0 520.0
320.0 520.0
330.0 520.0
340.0 520.0
350.0 520.0
360.0 520.0
370.0 520.0
380.0 520.0
390.0 520.0
400.0 520.0
410.0 520.0
420.0 520.0
430.0 520.0
440.0 520.0
450.0 520.0
460.0 520.0
470.0 520.0
480.0 520.0
490.0 520.0
5.0 560.0
15.0 560.0
25.0 560.0
35.0 560.0
45.0 560.0
55.0 560.0
65.0 560.0
75.0 560.0
85.0 560.0
95.0 560.0
105.0 560.0
115.0 560.0
125.0 560.0
135.0 560.0
145.0 560.0
155.0 560.0
165.0 560.6
175.0 560.0
185.0 560.8
195.0 560.0
205.0 560.0
215.0 561.8
225.0 560.0
235.0 560.0
245.9 560.0
255.0 560.0
265.0 560.0
275.0 560.0
285.0 560.0
295.0 560.0
305.0 560.0
315.0 560.8
325.0 558.6
335.0 560.0
345.0 560.0
355.0 560.0
364.1 560.0
375.0 560.0
385.0 560.0
395.0 560.0
405.0 560.0
415.0 560.0
425.0 560.0
435.4 560.0
445.0 560.0
455.0 560.0
465.0 560.0
475.0 560.0
485.0 560.0
495.0 560.0
0.0 600.4
10.0 600.0
20.0 600.0
30.0 600.0
40.0 601.8
50.0 600.0
60.0 600.0
70.0 600.0
80.0 598.6
90.0 600.0
100.0 600.0
110.0 600.0
120.0 600.0
130.0 600.0
140.0 600.0
150.0 600.0
160.0 600.0
170.0 600.0
180.0 600.0
190.0 600.0
200.0 600.0
210.0 600.0
220.0 600.0
230.0 598.4
240.0 600.0
250.0 600.0
260.0 600.0
270.0 600.0
280.0 600.0
290.0 600.0
300.0 600.0
310.1 600.0
320.0 600.0
330.0 600.0
340.0 600.0
350.0 600.0
360.0 599.4
370.0 600.0
379.6 600.0
390.0 600.0
400.0 600.0
410.0 600.0
420.0 600.0
430.0 600.0
440.0 600.0
450.0 600.0
460.0 600.0
470.0 598.6
480.0 600.0
490.0 600.0
5.0 640.0
15.0 640.0
25.0 640.0
35.0 641.2
45.0 639.4
55.0 640.0
65.0 640.0
75.0 640.0
85.0 640.0
95.0 640.0
105.0 640.0
115.0 640.0
125.0 640.0
135.0 640.0
145.0 640.0
155.0 640.0
165.0 640.0
175.0 640.0
185.0 640.0
195.3 640.0
205.0 639.8
215.0 640.0
225.0 640.0
235.0 640.0
245.0 640.0
255.0 640.0
265.0 640.0
275.0 640.0
285.0 640.0
295.0 640.0
305.0 640.0
315.0 640.0
325.0 640.0
335.0 640.0
345.0 640.0
355.0 640.0
365.9 640.0
375.0 640.0
385.0 640.0
396.0 640.0
405.0 640.0
415.0 640.0
425.0 640.0
435.1 640.0
445.0 640.0
455.0 640.0
465.0 640.0
475.0 640.0
485.0 640.0
495.0 640.0
0.8 680.0
10.0 680.0
20.0 680.0
30.0 680.0
40.8 680.0
49.7 680.0
60.0 680.0
70.0 680.0
80.0 680.0
90.0 680.0
100.0 680.0
110.0 680.0
120.0 680.0
130.0 680.0
140.0 680.0
149.1 680.0
160.0 680.0
170.0 680.0
180.0 680.0
190.0 680.0
200.0 680.0
210.0 680.0
220.0 680.0
230.0 680.0
240.0 680.0
250.0 680.0
260.0 680.0
270.0 680.0
280.0 680.0
290.0 680.0
300.0 680.0
310.0 680.0
320.0 680.0
330.0 680.0
340.0 680.0
350.0 680.0
360.0 680.0
370.0 680.0
380.0 680.0
390.0 680.0
400.0 680.0
410.0 680.0
420.0 680.0
430.0 680.0
440.0 680.0
450.0 680.0
460.0 682.0
470.0 678.4
479.8 680.0
490.0 678.0
5.0 720.0
15.0 720.0
25.0 720.0
35.0 720.0
45.0 720.0
55.0 720.0
65.0 720.0
75.0 720.0
85.0 720.0
95.0 720.0
105.0 720.0
115.0 720.0
125.0 720.0
135.0 720.0
145.0 720.0
155.0 720.0
165.0 720.0
175.0 720.0
185.0 720.0
195.0 720.0
205.0 720.0
215.0 720.0
225.0 720.0
235.0 720.0
245.0 721.4
255.0 720.0
265.0 719.8
275.0 718.0
285.0 718.4
295.0 720.0
305.0 720.8
315.0 720.0
325.0 720.0
335.2 720.0
345.0 720.0
355.3 720.0
365.8 720.0
375.0 720.0
385.9 720.0
395.0 721.2
405.0 720.0
415.0 720.0
425.0 720.0
435.0 720.0
445.0 720.0
454.6 720.0
465.0 720.0
475.0 720.0
485.0 721.6
495.0 720.0
0.0 760.0
10.0 760.0
20.0 760.0
30.0 760.0
40.0 760.0
50.0 760.0
60.0 760.0
70.0 760.0
80.0 761.6
90.0 760.0
100.0 760.0
110.0 760.0
120.0 760.0
130.0 760.0
140.0 760.0
150.0 760.0
160.0 760.0
170.0 760.0
180.0 760.0
190.0 760.0
200.0 760.0
210.0 760.0
220.0 760.0
230.0 760.6
240.2 760.0
250.0 760.0
260.6 760.0
270.0 760.0
280.0 760.0
290.0 760.0
300.0 760.0
310.0 760.0
320.0 760.0
330.4 760.0
340.0 760.0
350.0 761.8
360.0 760.0
370.0 760.0
379.8 760.0
390.0 760.0
400.0 760.0
410.0 760.4
420.0 760.0
430.0 760.0
440.0 760.0
450.0 760.0
460.0 759.4
470.0 760.0
480.0 760.0
490.0 760.0
5.0 800.0
15.0 800.0
25.0 800.0
35.0 800.0
45.0 800.0
54.0 800.0
65.0 800.0
75.0 800.0
85.0 800.0
95.0 800.0
105.0 800.0
115.0 800.0
125.0 800.0
135.0 800.0
145.0 800.0
155.0 800.0
165.0 800.0
175.0 800.0
185.0 800.0
195.0 800.0
205.0 800.0
215.0 798.2
225.0 800.0
234.6 800.0
245.0 800.0
255.0 800.0
265.9 800.0
275.0 800.0
284.3 800.0
295.0 800.0
305.0 800.0
315.4 800.0
325.0 801.8
335.0 800.0
345.0 800.0
355.0 800.0
365.6 800.0
375.0 800.0
385.0 798.0
395.0 800.0
405.0 801.6
415.0 800.0
425.0 800.0
435.0 800.0
445.0 800.0
455.9 800.0
465.0 800.0
475.0 800.0
485.0 800.0
495.0 800.0
0.0 840.0
10.0 840.0
20.0 840.0
30.0 840.0
40.0 840.0
50.0 840.0
59.8 840.0
70.0 840.0
80.0 840.0
90.0 840.0
100.0 840.0
110.0 840.0
120.0 840.0
130.0 840.0
140.0 838.0
150.0 840.0
160.0 840.0
170.0 840.0
180.0 840.0
190.0 840.0
200.0 840.0
210.0 840.0
219.7 840.0
230.2 840.0
239.2 840.0
250.0 840.0
260.0 840.0
270.0 840.0
280.0 840.0
290.0 840.0
300.0 841.4
310.1 840.0
320.0 840.0
330.0 840.0
340.0 840.0
350.0 841.8
360.0 840.0
370.0 840.0
380.0 840.0
390.0 840.0
400.0 839.0
410.0 840.0
420.0 840.0
430.0 840.0
440.0 840.0
450.0 841.4
460.0 840.0
470.0 840.0
481.0 840.0
490.0 840.0
5.0 880.6
14.1 880.0
25.0 880.0
35.0 880.0
45.0 880.0
55.0 880.0
65.0 880.0
75.0 880.0
84.3 880.0
95.0 880.0
105.0 880.0
115.0 880.0
124.3 880.0
135.0 880.0
145.0 880.0
155.0 878.8
165.0 881.6
175.0 880.0
184.6 880.0
195.0 880.0
205.0 880.0
216.0 880.0
225.0 880.6
235.0 880.0
245.0 880.0
255.0 880.0
265.0 880.0
275.0 880.0
285.0 880.0
295.0 880.0
305.0 880.0
315.0 880.0
325.0 880.0
335.0 880.2
344.7 880.0
355.0 880.0
365.0 880.0
375.0 880.0
385.0 880.0
395.0 880.0
405.0 878.0
415.0 880.0
425.0 880.0
435.0 880.0
445.0 880.0
455.0 880.0
464.2 880.0
475.0 880.2
485.0 880.0
495.0 880.0
0.4 920.0
10.0 918.0
20.0 920.0
30.0 920.0
40.0 920.0
50.0 920.0
60.0 920.0
70.0 920.0
80.0 920.0
90.0 920.0
100.0 920.0
110.0 920.0
120.0 920.0
130.0 920.0
140.4 920.0
150.0 920.0
160.0 920.0
170.0 920.0
179.9 920.0
190.0 920.0
200.0 920.0
210.0 920.0
220.0 920.0
230.0 920.0
240.0 920.0
250.0 920.0
260.0 920.0
270.0 920.0
280.0 920.0
290.0 920.0
300.0 920.0
310.0 920.0
320.0 920.0
330.0 920.0
339.9 920.0
350.0 920.0
360.0 920.0
370.0 920.0
380.0 920.0
389.3 920.0
400.0 920.0
410.0 920.0
420.0 920.0
430.0 920.0
440.0 920.0
449.1 920.0
460.0 920.0
470.0 920.0
480.0 920.0
490.0 920.0
5.0 960.0
15.0 960.0
25.0 961.8
35.0 960.0
45.0 960.0
55.0 960.0
65.0 960.0
75.0 960.6
85.0 960.0
95.0 960.0
105.0 960.0
115.0 960.0
125.0 960.0
135.0 960.0
145.0 960.0
155.0 960.0
165.0 960.0
175.0 960.0
185.0 960.0
195.0 960.0
205.0 960.0
215.0 960.0
225.0 960.8
235.0 960.2
245.0 960.0
255.0 960.0
265.0 961.6
275.0 960.0
285.0 960.0
295.0 960.0
305.0 960.0
315.0 960.0
325.0 960.0
335.0 960.0
345.0 960.0
355.0 960.0
365.0 960.0
374.0 960.0
385.0 960.0
395.0 960.0
405.0 960.0
415.0 960.0
425.0 958.4
435.9 960.0
444.7 960.0
455.0 959.6
465.0 960.0
475.0 960.0
485.0 960.0
495.0 960.0
