0 0
0 3
0 6
0 9
0 12
0 15
0 18
0 21
0 24
0 27
3 0
3 3
3 6
3 9
3 12
3 15
3 18
3 21
3 24
3 27
6 0
6 3
6 6
6 9
6 12
6 15
6 18
6 21
6 24
6 27
9 0
9 3
9 6
9 9
9 12
9 15
9 18
9 21
9 24
9 27
12 0
12 3
12 6
12 9
12 12
12 15
12 18
12 21
12 24
12 27
15 0
15 3
15 6
15 9
15 12
15 15
15 18
15 21
15 24
15 27
18 0
18 3
18 6
18 9
18 12
18 15
18 18
18 21
18 24
18 27
21 0
21 3
21 6
21 9
21 12
21 15
21 18
21 21
21 24
21 27
24 0
24 3
24 6
24 9
24 12
24 15
24 18
24 21
24 24
24 27
27 0
27 3
27 6
27 9
27 12
27 15
27 18
27 21
27 24
27 27
